Выходные данные : N элементов прогрессии 

93 744 5952 47616 380928 3047424 24379392 195035136 1560281088 12482248704 99857989632 798863917056 6390911336448 51127290691584 409018325532672 3272146604261376 26177172834091008 209417382672728064 1675339061381824512 -5044031582654955520 -3458764513820540928 -9223372036854775808 0 0 0 0 0 0 0 0 0 0 0 0 0 0 0 0 0 0 0 0 0 0 0 0 0 0 0 0 0 0 0 0 


-95 -665 -4655 -32585 -228095 -1596665 -11176655 -78236585 -547656095 -3833592665 -26835148655 -187846040585 -1314922284095 -9204455988665 -64431191920655 -451018343444585 -3157128404112095 -22099898828784665 -154699291801492655 -1082895042610448585 -7580265298273140095 2278375133216674183 -2498118141192832335 959917085359725271 6719419597518076897 -8304295038502116569 -2789833048386161135 -1082087264993576329 -7574610854955034303 2317956236443414727 -2221050418605648527 2899391143470011927 1848993930580531873 -5503786559645828505 -1633017770101696303 7015619682997677495 -6230894440144912383 -6722772933595283449 8280821685961670705 2625519580603040087 -68107009488271007 -476749066417897049 -3337243464925279343 -4913960180767403785 2495766882047276737 -976375899378614457 -6834631295650301199 7497813151576546455 -2855540160092829663 -1542037046940256025 7652484745127759441 -1772839005234338761 6036871037069180289 5364609112065158791 658775637037008305 4611429459259058135 -4613481932605696287 4599114619179229223 -4699685813164498671 3995687455267612535 -8923675960545815487 -7125499502692053561 5461735702284279921 1338661768570856215 -9076111693713558111 -8192549634866251929 -2007615222935108655 4393437513163791031 -6139425555272566015 -6082490739488858873 


68 408 2448 14688 88128 528768 3172608 19035648 114213888 685283328 4111699968 24670199808 148021198848 888127193088 5328763158528 31972578951168 191835473707008 1151012842242048 6906077053452288 41436462320713728 248618773924282368 1491712643545694208 8950275861274165248 -1638577053483663360 8615281752807571456 -3648541704283226112 -3444506151989805056 -2220292838229278720 5124987044333879296 -6143565881415827456 32092858924138496 192557153544830976 1155342921268985856 6932057527613915136 4698857018264387584 -8700346037832777728 3138155994131988480 382191891082379264 2293151346494275584 -4687835994743898112 8766472178955714560 -2741399147394367488 1998349189343346688 -6456648937649471488 -1846405478477725696 7368311202843197440 7316379069640081408 7004786270421385216 5135229475109208064 -6082111296763854848 400820366835974144 2404922201015844864 -4017210867614482432 -5656521131977342976 2954361355555045376 


1 7 49 343 2401 16807 117649 823543 5764801 40353607 282475249 1977326743 13841287201 96889010407 678223072849 4747561509943 33232930569601 232630513987207 1628413597910449 11398895185373143 79792266297612001 558545864083284007 3909821048582988049 8922003266371364727 7113790643470898241 -5543697716832367161 -1912395870407466895 5059972980857283351 -1473677281418119775 8131003103782713191 1576789505350337489 -7409217536257189193 3475709467328330497 5883222197588761863 4289067235702229809 -6870017497503494569 7250109738604192865 -4589464050899304793 4767239791123969681 -3522809609551315465 


-38 -304 -2432 -19456 -155648 -1245184 -9961472 -79691776 -637534208 -5100273664 -40802189312 -326417514496 -2611340115968 -20890720927744 -167125767421952 -1337006139375616 -10696049115004928 -85568392920039424 -684547143360315392 -5476377146882523136 -6917529027641081856 0 0 0 0 0 0 0 0 0 0 0 0 0 0 0 0 0 0 0 0 0 0 0 0 0 0 


88 352 1408 5632 22528 90112 360448 1441792 5767168 23068672 92274688 369098752 1476395008 5905580032 23622320128 94489280512 377957122048 1511828488192 6047313952768 24189255811072 96757023244288 387028092977152 1548112371908608 6192449487634432 24769797950537728 99079191802150912 396316767208603648 1585267068834414592 6341068275337658368 6917529027641081856 -9223372036854775808 0 0 0 0 0 0 0 0 0 0 


10 50 250 1250 6250 31250 156250 781250 3906250 19531250 97656250 488281250 2441406250 12207031250 61035156250 305175781250 1525878906250 


45 225 1125 5625 28125 140625 703125 3515625 17578125 87890625 439453125 2197265625 10986328125 54931640625 274658203125 1373291015625 6866455078125 34332275390625 171661376953125 858306884765625 4291534423828125 21457672119140625 107288360595703125 536441802978515625 2682209014892578125 -5035698999246660991 -6731750922523753339 3234733534800336537 -2273076399707868931 7081362075170206961 -1486677771568068427 -7433388857840342135 -273456141782607443 -1367280708913037215 -6836403544565186075 2711470424593172857 -4889391950743687331 -6000215680008885039 6892409747374678037 -2431439410545713047 6289547020980986381 -5445753042514171327 -8782021138861305019 -7016617546887421863 1810400412981993917 9052002064909969585 8366522177130744693 4939122738234620233 6248869617463549549 -5649140060101355487 8647787846912325797 6345451087142525753 -5166232711706474467 -7384419484822820719 -28609276695000363 -143046383475001815 -715231917375009075 -3576159586875045375 565946139334324741 2829730696671623705 -4298090590351433091 -3043708878047613839 3228199683471482421 -2305745656352139511 6918015791948854061 -2303409187674832927 6929698135335386981 -2244997470742168327 7221756719998709981 -784704547425553327 -3923522737127766635 -1170869611929281559 -5854348059646407795 7621747849187064257 1215251098516218053 6076255492581090265 -6512210684513651907 4332434724850843697 3215429550544666869 -2369596320986217271 6598762468778465261 -3899675803526776927 -1051634943924333019 -5258174719621665095 -7844129524398773859 -2327159474574766063 6810946700835721301 -2838754643240496727 4252970857507067981 2818110213825788289 


75 675 6075 54675 492075 4428675 39858075 358722675 3228504075 29056536675 261508830075 2353579470675 21182215236075 190639937124675 1715759434122075 15441834907098675 138976514163888075 1250788627474992675 -7189646426434617541 9080158456926648595 7934449817501630891 -2376927937323528445 -2945607362202204389 -8063722186110287885 1213476619845615499 -7525454495099012125 6057885838947097339 -819259670604778797 -7373337035443009173 7426942975851123907 


1 6 36 216 1296 7776 46656 279936 1679616 10077696 60466176 362797056 2176782336 13060694016 78364164096 470184984576 2821109907456 16926659444736 101559956668416 609359740010496 3656158440062976 21936950640377856 131621703842267136 789730223053602816 4738381338321616896 


-12 -60 -300 -1500 -7500 -37500 -187500 -937500 -4687500 -23437500 -117187500 -585937500 -2929687500 -14648437500 -73242187500 -366210937500 -1831054687500 -9155273437500 -45776367187500 -228881835937500 -1144409179687500 -5722045898437500 -28610229492187500 -143051147460937500 -715255737304687500 -3576278686523437500 565350641092364116 2826753205461820580 -4312978046400448716 -3118146158292691964 2856013282246091796 -4166677662479092636 -2386644238685911564 6513522880279993796 -4325873746019134252 -3182624656386119644 2533620791778953396 -5778640114814784636 8000287573345180052 3107949719306797028 -2906995477175566476 3911766687831719236 1112089365449044564 5560446827245222820 -9091254011192989132 -8562781908545842428 -5920421395310108908 7291381170868558692 -436582293076309772 -2182911465381548860 7532186746801807316 767445586589933348 3837227932949666740 739395591038782084 3696977955193910420 38145702260000484 190728511300002420 953642556500012100 4768212782500060500 5394319838790750884 8524855120244202804 5730787453801910788 -8239550878409549292 -4304266244628643228 -3074587149433664524 3073808326541228996 -3077702441003406636 3058231868692518436 -3155584730246959436 2668820422474754436 -5102641961335779436 -7066465732969345564 1561159482572375412 7805797412861877060 2135498916890282068 -7769249489258141276 -1952759298871603148 8682947579351535876 6521249749338576148 -4287239400726222492 -2989452929921560844 3499479424101747396 -949346953200814636 -4746734766004073180 -5286929756310814284 -7987904707844519804 -3046035391803495788 3216567114692072676 -2363908500249188236 6627201572463610436 -3757480285101051052 


-42 -252 -1512 -9072 -54432 -326592 -1959552 -11757312 -70543872 -423263232 -2539579392 -15237476352 -91424858112 -548549148672 -3291294892032 -19747769352192 -118486616113152 -710919696678912 -4265518180073472 -25593109080440832 -153558654482644992 


-10 -90 -810 -7290 -65610 -590490 -5314410 -47829690 -430467210 -3874204890 -34867844010 -313810596090 -2824295364810 -25418658283290 -228767924549610 -2058911320946490 -18530201888518410 -166771816996665690 -1500946352969991210 4938226896979630726 7550553925397573302 -5831990966260046746 2852313524788234134 7224077649384555590 -8770277450377206154 -5145520758556648922 9030545394118814550 7487932252231124486 -6395586024758086090 -2220042001694119962 -1533633941537528042 4644038599871799238 4902859251427089910 7232245115424705958 


55 385 2695 18865 132055 924385 6470695 45294865 317064055 2219448385 15536138695 108752970865 761270796055 5328895572385 37302269006695 261115883046865 1827811181328055 12794678269296385 89562747885074695 626939235195522865 4388574646368660055 -6173465622838482847 -6320771212450276697 -7351910339732833647 3876859842998819319 8691274827282183617 5498691569846630471 1597352841507310065 -7265274183158381161 4483312939019986721 -5510297574279196185 -1678594872535270063 6696579965962661175 -8464172459390026623 -3908974994601531513 -8916080888501168975 -7072333998379527977 5833894232471959009 3943771479884609831 9159656285482717201 8777361777250365559 6101300219623904065 5815613389948225223 3815805582218473329 8263895001819761687 2507032791609676961 -897514532441812889 -6282601727092690223 -7084723942229728329 5747164625520556545 3336664231224792583 4909905544863996465 -2524149333371127977 777698740111655777 5443891180781590439 1213750118052029841 8496250826364208887 4133523563420807361 -7958823203473451705 -371530203185507087 -2600711422298549609 241764117619704353 1692348823337930471 -6600302310344038319 9138116048720386615 8626580119914051457 5045828618269705351 -1572687819531165775 7437929336991391191 -3274726862188916511 -4476343961612863961 5559080416129055505 2020074765484285303 


68 136 272 544 1088 2176 4352 8704 17408 34816 69632 139264 278528 557056 1114112 2228224 4456448 8912896 17825792 35651584 71303168 142606336 285212672 570425344 1140850688 2281701376 4563402752 9126805504 18253611008 36507222016 73014444032 146028888064 292057776128 584115552256 1168231104512 2336462209024 4672924418048 9345848836096 18691697672192 37383395344384 74766790688768 149533581377536 299067162755072 598134325510144 1196268651020288 2392537302040576 4785074604081152 9570149208162304 19140298416324608 38280596832649216 76561193665298432 153122387330596864 306244774661193728 612489549322387456 1224979098644774912 2449958197289549824 4899916394579099648 -8646911284551352320 1152921504606846976 2305843009213693952 4611686018427387904 -9223372036854775808 0 0 0 0 0 0 0 


79 237 711 2133 6399 19197 57591 172773 518319 1554957 4664871 13994613 41983839 125951517 377854551 1133563653 3400690959 10202072877 30606218631 91818655893 275455967679 826367903037 2479103709111 7437311127333 22311933381999 66935800145997 200807400437991 602422201313973 1807266603941919 5421799811825757 16265399435477271 48796198306431813 146388594919295439 439165784757886317 1317497354273658951 3952492062820976853 -6589267885246621057 -1321059582030311555 -3963178746090934665 6557207835436747621 1224879432600691247 3674638297802073741 -7422829180303330393 -3821743467200439563 6981513672108232927 2497796942615147165 7493390827845441495 4033428409826772869 -6346458844229233009 -592632458978147411 -1777897376934442233 -5333692130803326699 2445667681299571519 7337003043898714557 


-45 -90 -180 -360 -720 -1440 -2880 -5760 -11520 -23040 -46080 -92160 -184320 -368640 -737280 -1474560 -2949120 -5898240 -11796480 -23592960 -47185920 -94371840 -188743680 -377487360 -754974720 -1509949440 -3019898880 -6039797760 -12079595520 -24159191040 -48318382080 -96636764160 -193273528320 -386547056640 -773094113280 -1546188226560 -3092376453120 -6184752906240 -12369505812480 -24739011624960 -49478023249920 -98956046499840 -197912092999680 -395824185999360 -791648371998720 -1583296743997440 -3166593487994880 -6333186975989760 -12666373951979520 -25332747903959040 -50665495807918080 -101330991615836160 -202661983231672320 -405323966463344640 -810647932926689280 -1621295865853378560 -3242591731706757120 -6485183463413514240 5476377146882523136 -7493989779944505344 3458764513820540928 6917529027641081856 -4611686018427387904 -9223372036854775808 0 0 


-35 -70 -140 -280 -560 -1120 -2240 -4480 -8960 -17920 -35840 -71680 -143360 -286720 -573440 -1146880 -2293760 -4587520 


9 27 81 243 729 2187 6561 19683 59049 177147 531441 1594323 4782969 14348907 43046721 129140163 387420489 1162261467 3486784401 10460353203 31381059609 94143178827 282429536481 847288609443 2541865828329 7625597484987 22876792454961 68630377364883 205891132094649 617673396283947 1853020188851841 5559060566555523 16677181699666569 50031545098999707 150094635296999121 450283905890997363 1350851717672992089 4052555153018976267 -6289078614652622815 -420491770248316829 -1261475310744950487 -3784425932234851461 7093466277004997233 2833654757305440083 8500964271916320249 7056148742039409131 2721702152408675777 8165106457226027331 6048575297968530377 -301018179803960485 -903054539411881455 -2709163618235644365 -8127490854706933095 -5935728490411247669 639558602475808609 1918675807427425827 5756027422282277481 


-30 -120 -480 -1920 -7680 -30720 -122880 -491520 -1966080 


-52 -312 -1872 -11232 -67392 -404352 -2426112 -14556672 -87340032 -524040192 -3144241152 -18865446912 -113192681472 -679156088832 -4074936532992 -24449619197952 -146697715187712 -880186291126272 -5281117746757632 -31686706480545792 -190120238883274752 -1140721433299648512 -6844328599797891072 -4172483451368243200 -6588156634499907584 -2635451659580342272 2634034116227497984 -2642539376344563712 2591507815642169344 -2897697179856535552 1060560994570338304 6363365967422029824 1286707657113075712 7720245942678454272 -9018756565057929216 1227692830781079552 7366156984686477312 7303453760699760640 6927234416779460608 4669918353257660416 -8873978027873140736 2096364053889810432 -5868559750370689024 1682129645194969088 -8353966202539737088 5216435005890232320 -5594878112077709312 3324219474952847360 1498572776007532544 8991436656045195264 -1391612284857483264 -8349673709144899584 5242189966259257344 -5440348349863559168 4251398048237748224 7061644215716937728 5476377146882523136 -4035225266123964416 -5764607523034234880 2305843009213693952 -4611686018427387904 -9223372036854775808 0 0 0 0 0 0 0 0 0 0 0 0 0 0 0 0 0 0 0 0 0 0 0 


-35 -70 -140 -280 -560 -1120 -2240 -4480 -8960 -17920 -35840 -71680 -143360 -286720 -573440 -1146880 -2293760 -4587520 -9175040 -18350080 -36700160 -73400320 -146800640 -293601280 -587202560 -1174405120 -2348810240 -4697620480 -9395240960 -18790481920 -37580963840 -75161927680 -150323855360 -300647710720 -601295421440 -1202590842880 -2405181685760 -4810363371520 -9620726743040 -19241453486080 -38482906972160 -76965813944320 -153931627888640 -307863255777280 -615726511554560 -1231453023109120 -2462906046218240 -4925812092436480 -9851624184872960 -19703248369745920 -39406496739491840 -78812993478983680 -157625986957967360 -315251973915934720 -630503947831869440 -1261007895663738880 -2522015791327477760 -5044031582654955520 8358680908399640576 -1729382256910270464 -3458764513820540928 -6917529027641081856 4611686018427387904 


46 368 2944 23552 188416 1507328 12058624 96468992 771751936 6174015488 49392123904 395136991232 3161095929856 25288767438848 202310139510784 1618481116086272 12947848928690176 103582791429521408 828662331436171264 6629298651489370112 -2305843009213693952 0 0 0 0 0 0 0 0 0 0 0 0 0 0 0 0 0 0 0 0 0 0 0 0 0 0 0 0 0 0 0 0 0 0 0 0 0 0 


-50 -150 -450 -1350 -4050 -12150 -36450 -109350 


13 13 13 13 13 13 13 13 13 13 13 13 13 13 13 13 13 13 13 13 13 13 13 13 13 13 


43 215 1075 5375 26875 134375 671875 3359375 16796875 83984375 419921875 2099609375 10498046875 52490234375 262451171875 1312255859375 6561279296875 32806396484375 164031982421875 820159912109375 4100799560546875 20503997802734375 102519989013671875 


96 672 4704 32928 230496 1613472 11294304 79060128 553420896 3873946272 27117623904 189823367328 1328763571296 9301344999072 65109414993504 455765904954528 3190361334681696 22332529342771872 156327705399403104 1094293937795821728 7660057564570752096 -1719829269133390176 6407939189775820384 7962086181011639456 394371045952821344 2760597321669749408 877437177978694240 6142060245850859680 6100933573536914528 5813046867339298464 3797839923955986016 8138135393982350496 1626715536747798624 -7059735316474961248 5922085005803926112 4561106893208379552 -4965739894960446368 2133308882695978656 -3513581894837701024 -6148329190154355552 -6144816183661385632 -6120225138210596192 -5948087820055070112 -4743126592966387552 3691601996654390368 7394469902871180960 -3578942901030388128 -6605856233503165280 9099238586606497888 8354437885116830368 3140832974689157728 3539086749114552480 6326863170092315744 7394554043227106976 -3578353918538906016 -6601733356062790496 9128098728689121376 8556458879695194784 4554979936737708640 -5008628590255142752 1833088015633103968 -5615127964277823840 -2412407602525663648 1559890856029906080 -7527508081500209056 2647675650627191456 86985480680788576 608898364765520032 4262288553358640224 -7057468273908621664 5937954303768303200 4672191978959019168 -4188144294705969056 7576478084477319840 -2304885629787415968 2312544665197639840 -2258931417326072736 2634224152427042464 -7175006720254368 -50225047041780576 -351575329292464032 -2461027305047248224 1219552938378814048 8536870568651698336 4417861759433233504 


-76 -76 -76 -76 -76 -76 -76 -76 -76 -76 -76 -76 -76 -76 -76 -76 -76 -76 -76 -76 -76 -76 -76 -76 -76 -76 -76 -76 -76 -76 -76 -76 -76 -76 -76 -76 -76 -76 -76 -76 -76 -76 -76 -76 -76 -76 -76 -76 -76 -76 -76 -76 -76 -76 -76 -76 -76 -76 -76 -76 -76 -76 -76 -76 -76 -76 -76 -76 -76 -76 -76 -76 -76 -76 -76 -76 -76 -76 -76 -76 -76 -76 -76 -76 -76 -76 -76 -76 -76 -76 -76 -76 -76 -76 -76 -76 


-73 -511 -3577 -25039 -175273 -1226911 -8588377 -60118639 -420830473 -2945813311 -20620693177 -144344852239 -1010413965673 -7072897759711 -49510284317977 -346571990225839 -2426003931580873 -16982027521066111 -118874192647462777 -832119348532239439 -5824835439725676073 -3880359930660629279 -8715775440914853337 -5670195865275318511 -2797882909508126345 -1138436292847332799 -7969054049931329593 -443146128390652303 -3102022898734566121 -3267416217432411231 -4425169448317327001 5917302009197814225 4527625916965596343 -5200106728659928831 492741046799601415 3449187327597209905 5697567219470917719 2989482388877320801 2479632648431693991 -1089315534687693679 -7625208742813855753 1963771021431664577 -4700346923687899577 3991059681603806193 -8956070376192459881 -7352260412218564319 3874409335598704615 8674121275481380689 5378616707241009975 756828803267966593 5297801622875766151 191123212711259825 1337862488978818775 -9081706650857820191 -8231714334876086489 -2281768123003950575 2474367212681897591 -1126173584936268479 -7883215094553879353 157726559251499377 


38 190 950 4750 23750 118750 


