¬ходные данные: N < 10000; N натуральных чисел массива 

10
10 -89 80 -94 8 41 21 -32 68 -38 


110
60 23 85 -45 46 52 81 -14 68 -82 -11 23 43 -84 -34 -47 -58 -56 59 3 -88 -2 12 -87 -64 25 63 60 46 -80 12 -46 -21 0 59 42 -81 53 67 -37 -93 56 -78 -14 5 -56 82 -74 48 78 7 9 -93 22 -82 -62 -28 34 81 64 -19 -61 -98 -36 -16 8 50 72 -18 44 -32 81 -92 -84 80 -29 -38 -46 19 -64 -29 60 -2 86 -26 -89 -19 69 -59 17 95 6 -94 -35 -90 83 34 76 85 68 77 10 45 94 -16 38 72 33 100 100 


110
-14 84 -33 -62 -76 -65 14 -2 95 100 -36 13 1 -84 81 -41 83 78 77 -64 72 99 58 -80 76 91 89 64 88 19 -26 15 26 67 -50 48 88 -14 -36 98 -11 64 -80 59 -73 78 -45 86 27 -54 93 26 -84 -9 62 -83 74 -92 -91 -37 -18 98 -32 26 100 43 16 -95 96 35 -83 -16 -23 -72 46 -17 -54 -46 -38 18 -32 90 -18 96 -50 -66 21 -84 -70 30 -18 27 -49 -85 -5 -85 -47 89 99 -73 -22 22 -98 19 -23 85 -79 3 76 75 


210
-53 -60 80 -42 -15 -85 94 73 -96 -25 33 -38 -7 82 -15 76 -12 -38 -25 21 -85 -89 -66 -72 58 9 -34 -57 -60 -49 40 -74 10 7 32 21 -26 -9 81 -89 90 55 32 77 -11 -65 74 -10 45 -65 46 58 -89 50 -44 -18 -18 -57 86 21 54 99 -22 5 -36 64 -12 70 5 -73 67 70 -79 -74 86 66 19 -79 -87 -51 -5 -65 -65 -37 5 24 35 -29 -82 62 -41 -68 -7 -12 58 -72 -79 -48 -96 99 -98 28 -32 13 -73 68 -60 -6 75 99 -8 98 95 -44 -85 -95 42 87 -8 -68 -40 84 66 68 -64 -64 -48 -5 -91 -94 -71 -95 -16 65 56 -38 18 -91 -6 -20 13 81 38 -61 -23 62 85 -77 -26 58 -97 -12 -37 -77 96 -88 82 38 57 80 -79 -48 74 3 78 -96 -14 24 -46 -92 -59 -74 -15 35 -81 -15 25 22 21 81 45 77 46 57 -95 19 -89 96 -97 98 17 -48 -96 12 -23 -71 84 91 83 15 48 100 -33 54 -50 21 47 39 -9 83 


410
-44 -14 -37 -19 -56 -47 34 61 -29 45 -81 -25 -12 66 68 -11 -60 74 83 -48 49 -67 34 61 28 -54 -59 59 -4 -40 86 84 18 53 36 99 -58 61 45 15 -2 -92 -92 82 39 53 -53 5 48 10 -42 -20 17 57 90 -15 23 -91 52 -53 82 -58 -72 -53 82 -24 97 12 -61 13 -75 64 -12 42 78 -70 30 -8 20 -15 12 -60 31 -30 46 69 -21 55 -62 49 64 31 -73 5 16 76 -18 73 56 -78 35 -50 -53 64 21 -7 47 97 1 -29 94 88 56 -60 -64 -56 -95 -73 45 61 -28 36 -68 -71 25 -28 2 -74 -57 -86 29 -37 92 -73 -44 -89 -96 -62 -92 69 -16 59 -95 70 -32 92 91 95 -43 33 -51 -32 -55 -12 -83 -89 -18 1 78 -98 12 -40 -76 6 -37 -90 -4 6 4 94 61 89 60 -85 -59 -33 -83 86 93 -18 -16 -77 25 90 -91 -94 -12 -39 32 -2 35 -77 74 -26 53 -50 91 5 7 -78 -9 35 -44 35 91 -55 -69 4 93 23 48 23 -91 -33 59 -28 -69 -74 75 -91 86 -5 81 -88 89 -14 -82 93 -50 57 -68 5 -77 40 -91 73 -57 -93 26 48 -61 71 45 -84 -59 -73 2 37 74 -31 -36 73 85 -22 9 63 53 -66 90 66 -36 80 33 -23 -14 -77 -58 -85 29 -42 10 -85 -48 -9 91 -98 66 -16 83 43 -64 92 22 84 86 -91 -23 44 -8 55 -30 90 -16 87 -49 -95 -77 -36 -59 -1 12 -95 -57 -24 54 -8 -40 -40 -98 -2 -11 100 68 -32 -94 -16 -25 -63 59 -26 -23 -68 -58 33 -9 41 -91 -94 -73 21 -53 39 -6 -26 54 51 31 16 38 -4 75 -51 -21 72 74 88 78 -77 98 4 -49 -94 41 83 -71 79 -15 -20 -14 14 96 -12 86 58 -95 31 98 100 18 93 -70 0 -82 74 28 44 0 -27 6 60 -68 99 -89 74 54 -18 19 32 -86 94 -23 91 83 -17 -13 -6 -74 -47 39 -27 0 -24 -44 25 0 -84 21 -81 -85 -52 


310
-82 8 -95 85 -74 97 -15 100 69 -2 -21 65 -49 6 -83 -20 25 62 84 -47 -9 41 -77 -84 77 33 -4 -37 98 1 1 -4 50 -21 15 -69 60 -25 47 87 -18 -31 -72 97 -32 43 71 9 -19 -6 -4 -34 -87 -8 -79 38 62 -15 62 49 75 -28 -97 7 -66 -59 80 47 32 -97 -91 -86 -61 89 22 80 -35 -48 69 15 -16 -43 19 -72 20 -95 -73 -86 52 44 22 -47 -66 17 17 25 62 -51 -76 -27 16 -59 -1 67 87 -32 78 89 -47 -66 91 67 -60 96 -31 33 18 75 34 25 61 100 -88 7 -20 30 23 10 9 47 -38 46 53 42 -72 69 31 78 70 85 69 -86 62 -67 59 -32 71 -1 -47 94 12 -13 -49 -21 -16 75 -62 -83 70 62 100 8 -81 45 98 21 53 20 47 -14 -76 42 53 19 93 -79 56 81 42 23 28 96 -81 -46 -67 28 79 54 6 82 25 27 79 18 -3 -56 27 -24 72 35 -5 56 -29 -20 1 19 76 -74 -87 -9 5 -12 88 -66 70 59 -78 20 -57 63 9 -36 41 -5 71 7 24 30 29 5 -9 -37 -33 -61 72 100 1 -96 23 -42 -73 47 -30 -80 -73 -77 -76 -67 26 -15 -26 66 15 88 -82 85 -48 27 -5 -90 79 54 -1 -11 -66 44 -31 -66 -20 47 27 -94 -79 -28 15 -15 -89 -49 98 -10 9 -19 42 19 22 -78 8 -55 -76 -2 0 92 -63 -16 -57 50 -59 27 -56 71 51 74 -29 -51 91 82 30 -20 -81 -88 


410
6 79 19 67 -78 -66 -90 47 28 -97 70 29 45 39 -87 34 -39 -27 99 60 100 97 -27 49 -51 30 -2 -74 31 50 97 -52 34 96 46 74 -2 -98 -21 -64 52 66 -11 32 94 67 -77 70 -63 6 20 98 15 -51 73 63 85 90 29 62 85 -36 53 -39 37 1 -54 -41 -45 -74 53 99 -93 -60 -86 61 43 -22 75 -90 40 29 23 -52 30 70 69 94 52 23 26 -51 57 -93 -37 37 -46 52 -91 34 -47 10 66 -94 38 87 50 54 75 38 -5 58 -88 44 10 -45 8 52 24 50 -56 -86 74 -11 -91 -40 45 63 14 57 -84 -19 98 65 -25 -89 -70 30 8 1 -24 -47 87 -16 56 85 69 77 -27 24 62 -85 23 -30 -35 -20 -45 10 -72 89 -33 38 10 98 99 -51 -84 98 45 -56 -79 41 13 -83 45 100 -59 99 98 96 57 20 -26 81 84 16 63 -79 34 83 -44 -67 -58 -67 25 76 -5 38 45 52 81 -89 -42 -60 -68 -85 -57 -44 -79 -17 -17 -71 -3 30 -74 -87 -58 -80 85 -31 -73 -59 1 38 -86 -3 -41 47 -92 33 20 -64 -27 65 -18 -35 15 -12 -90 -84 -2 -90 99 59 35 26 -14 18 -17 -91 49 10 -14 97 -22 21 -65 -52 57 56 81 1 9 -8 -46 33 -12 -19 84 -72 57 -65 -37 49 -88 -52 97 -24 75 28 18 93 -20 -58 -13 90 -52 16 -95 -39 10 61 74 86 -28 63 50 -60 -82 -52 91 -26 48 -47 -7 41 -26 -76 87 72 -56 -90 56 75 -47 48 -13 -54 43 -11 -57 -35 -60 -70 95 21 -80 -91 63 40 1 -22 74 83 -77 44 54 -95 -96 -98 15 83 -57 1 -87 49 27 -51 -39 -93 -62 -45 19 66 -23 17 15 84 -47 16 -30 -1 -19 -2 48 -61 45 -47 -65 -65 -1 -1 -81 -62 -50 63 17 45 -39 -37 -69 -26 3 74 -25 -66 -90 -68 -89 -3 -30 -63 52 36 52 48 -79 80 -24 75 86 -80 -57 -53 -32 -67 -26 70 -94 -5 


310
19 -88 -4 27 69 -98 -18 76 76 -20 -42 1 31 -37 -66 72 -55 27 28 10 -81 71 -39 41 -76 40 -1 68 13 -98 -22 -80 -29 -83 42 -89 -81 -22 -55 94 -64 -49 -61 -34 -23 47 -76 -97 -66 42 0 56 -67 -57 -66 -48 2 -55 63 41 42 16 -65 -6 57 -62 -63 -25 28 20 -47 25 -64 16 -14 83 -31 63 0 -85 10 98 66 -16 40 39 -11 31 65 -97 -76 -96 54 -90 36 18 -56 -2 78 -81 -72 60 83 48 -94 -23 -38 -16 20 23 -91 -41 62 93 -50 -34 26 -9 -18 20 -77 96 -37 43 -1 56 -70 76 -67 -57 -4 59 -10 68 27 60 25 63 -48 -67 -34 -9 46 60 55 -43 4 -65 7 55 -47 -40 0 26 90 29 3 -50 98 -33 82 -73 -49 4 75 -46 37 7 3 1 14 -47 -81 -94 -11 45 -38 -19 -21 50 -7 -2 48 -30 -10 84 -53 -56 -75 73 -20 30 -35 7 -1 81 89 -23 -80 -85 -66 91 85 -15 77 64 26 -92 -76 -36 -18 9 -80 68 -8 -44 4 -17 -45 -82 65 30 68 9 -21 32 -67 74 21 70 -79 -77 39 -72 -27 85 -82 -48 -63 79 -53 26 59 -50 21 82 14 56 54 -19 24 -9 96 -13 -75 -38 47 -3 -68 15 -57 -37 38 -78 17 69 32 81 -20 -1 67 -58 -64 3 -19 -33 -68 -57 -86 50 23 40 29 21 9 5 40 75 65 70 76 -83 -41 73 -39 68 -86 44 61 -48 58 28 -9 -80 -57 -66 37 -97 94 -27 


210
-82 -26 93 -94 -76 96 72 86 -46 -77 -8 -93 -28 91 10 82 -22 -25 37 -41 -28 -56 70 100 1 80 -38 -39 -94 -2 -45 37 56 32 -89 -28 -23 -2 -39 81 11 -66 31 52 61 -71 -50 1 -91 49 -68 -40 -52 47 46 79 41 15 80 -64 -54 -58 -82 -2 -52 -46 22 44 53 63 -77 31 35 96 -79 47 90 -25 99 -86 -38 74 -21 95 71 68 -89 -23 49 57 25 -43 -48 75 46 -52 93 -72 74 34 -97 46 -60 -35 16 12 93 95 -98 -6 -2 -19 71 -64 6 24 -8 -18 69 -61 -45 -43 -97 -14 53 30 14 95 6 -98 -78 46 -16 80 -13 -84 99 -44 -44 17 -58 53 -4 2 8 -31 -45 -34 -83 -50 -63 39 71 70 -36 -24 -87 -50 -44 19 -69 -55 -89 -44 15 68 -43 46 43 80 -70 -89 -82 -79 -88 -76 -25 -34 20 -50 58 -96 -7 -13 71 -35 35 79 34 -20 56 99 -20 -31 75 45 76 9 8 74 -90 -75 16 -73 74 -62 -24 17 82 85 


810
-22 -7 -84 20 -64 54 -19 75 -81 22 -26 1 39 80 7 -70 72 82 -85 16 -63 19 -27 -5 14 90 0 87 70 74 -12 -53 -59 60 32 -40 54 -10 80 30 -44 -90 90 75 38 10 76 -23 -60 -48 -57 -40 -39 70 59 -27 73 -83 42 -86 -23 29 -75 -65 30 65 -33 -12 -44 72 -42 -81 -75 4 -42 -68 26 -77 -59 -18 -69 93 28 53 73 68 -15 94 -51 90 -44 27 53 -77 76 -11 -34 93 -37 -35 42 -48 89 -49 -43 -56 66 16 -64 62 66 -31 29 2 -28 6 89 51 3 72 45 -60 83 92 -8 -25 -42 -23 34 95 2 -56 -60 -77 -35 -63 97 98 -42 -59 -73 55 48 -91 83 -19 -49 78 29 45 -32 -56 25 -69 31 -85 2 94 -89 60 -90 -1 6 -43 -5 74 -32 5 1 -55 87 63 47 -1 78 -41 93 74 61 60 58 -55 45 53 49 -73 24 69 51 -12 15 -15 -64 -36 9 -48 -93 -65 -69 4 5 -80 18 40 -30 -67 76 11 -37 74 11 -27 83 -10 52 -80 -23 -75 45 -3 -94 -75 95 48 -22 66 -56 -35 -94 -41 -22 -7 -76 1 -43 -49 -59 -27 -12 41 -48 -41 73 -5 64 -46 -21 86 14 0 91 19 61 -49 64 -56 23 -71 -44 -57 -60 64 -15 84 -64 -29 57 76 47 79 -79 94 5 -93 -62 72 13 -57 -41 -86 -85 84 -42 47 51 -20 64 97 66 -24 -49 15 91 48 63 13 39 67 -91 12 -18 63 47 44 -30 -52 -21 -45 55 -82 -8 61 -2 -15 38 78 -86 -94 61 -65 -3 10 -98 21 -71 95 -15 -90 -43 -87 13 -4 98 -44 -68 89 -41 -60 66 -74 -31 16 78 -57 74 36 -50 -13 -76 55 2 23 -11 -89 -3 45 39 -17 23 70 50 61 -19 -16 -6 3 -84 -3 35 81 -63 84 -41 -23 79 -22 19 -64 86 -44 -11 74 16 -96 -7 23 94 -2 -75 -52 -72 -76 -2 -29 77 -26 67 63 17 18 51 -16 73 10 -24 -3 31 79 81 -75 89 43 95 38 81 -76 29 -72 -10 -95 88 15 -42 32 74 96 -84 100 -35 -70 1 74 23 0 24 50 76 63 -34 -63 -85 -89 60 27 82 49 -61 -31 29 -24 -84 76 -21 0 95 29 -7 3 -69 79 68 24 25 -98 -25 -5 72 -74 71 23 -7 -66 -8 -45 79 69 -79 -92 -71 -12 46 -79 -58 6 50 -93 -64 83 75 -46 8 -94 55 -96 -27 -2 -26 59 -19 -79 0 -24 19 98 41 0 46 -19 44 45 -42 -56 -64 26 62 5 -87 63 -16 60 22 80 -84 95 -13 54 0 83 69 -35 21 40 -80 63 16 10 -86 26 -76 -21 47 86 86 16 -25 -23 -35 -37 -39 53 93 76 -15 -59 43 -71 -8 73 46 -78 -44 97 78 -11 -68 6 34 45 -73 -7 70 -62 -45 22 97 -21 49 -96 80 -58 -22 65 17 93 8 5 -71 9 -52 13 -17 -53 -37 -82 75 -70 41 -13 -22 89 46 22 -4 -9 -77 -70 -22 2 70 -80 67 -64 -38 -14 66 61 64 -42 16 -97 14 24 -23 52 9 -23 84 46 58 31 -84 20 -88 -20 18 -86 -33 -38 -94 -48 76 -22 -25 75 9 -66 -28 43 -98 88 -92 23 3 98 50 -30 3 28 90 73 94 -75 -71 25 50 -77 55 99 -86 -44 -57 -87 -36 60 -68 86 29 75 -53 -21 -46 -37 81 -7 83 -43 -66 -3 81 -83 -94 48 -45 93 -82 13 -80 -49 48 -63 93 27 11 -20 -42 43 -24 -49 -88 -31 64 -28 -22 -38 100 -36 -70 63 66 33 23 -7 -20 -10 -54 -69 -33 2 63 -71 13 -55 -20 2 -29 -63 -29 -69 38 0 23 92 -31 46 65 91 -57 -3 97 -61 -46 60 -24 22 -34 -20 85 20 -60 -68 -13 -36 14 -93 -97 -5 84 -52 17 98 35 -90 48 -16 -20 -3 82 -35 14 -89 43 5 -37 -42 33 38 58 55 -72 -93 -48 -70 48 48 -66 83 -26 98 -78 78 76 91 59 84 -32 94 8 -17 -77 8 


610
21 6 47 69 -14 -15 54 -2 -31 68 37 55 -87 -34 -61 -16 53 68 59 57 -5 77 57 -30 71 15 83 24 98 61 29 21 50 62 34 -23 52 22 -42 -5 61 97 56 -36 10 -59 -98 93 4 -81 42 50 92 41 -26 52 -10 -41 2 92 64 29 18 -63 42 27 13 87 31 -76 -77 40 4 -42 26 -28 2 63 -73 46 26 50 57 69 13 7 -15 14 -15 -50 16 -7 -32 82 57 -88 -88 33 -5 -5 -84 -32 -18 -36 0 -81 84 28 45 -5 -97 -26 -37 23 -48 53 -63 -84 -80 -10 49 10 -20 31 -81 13 20 5 9 -91 -22 -9 -1 -22 -14 89 -46 -70 -47 74 -2 8 -27 -6 -9 -71 55 -24 -23 2 -56 -26 60 33 30 -56 99 24 54 -67 -25 -95 88 85 -50 -32 64 33 -47 -84 57 -28 61 94 -73 -31 -65 -19 -85 92 -49 -30 38 89 -81 -52 -68 -77 -21 -71 -25 22 88 63 -70 60 -83 -65 75 23 -63 17 -27 -37 15 81 63 38 10 -67 78 -9 21 -69 -55 -41 -98 -86 17 -91 -39 99 -90 93 -55 82 -65 -14 68 72 -80 97 68 -36 -66 30 -9 34 -70 42 92 71 -11 -86 30 27 70 18 13 -65 -34 -86 -29 -20 47 -19 -11 -33 13 -51 55 19 95 77 -85 40 93 -44 -12 64 23 -8 -84 98 -85 14 -52 60 -82 -61 -4 -41 1 -30 12 -49 46 -32 -14 -15 2 20 -79 -56 48 -33 93 -29 7 -13 -39 -69 94 60 -8 -68 -82 62 54 14 20 -3 41 -79 -8 -76 -23 -71 -55 72 -12 -2 7 -78 -96 -90 -50 57 -44 -33 63 81 -53 68 -9 58 38 56 -34 22 73 -80 84 -90 -70 96 6 96 -90 -58 -24 27 36 -26 19 49 75 38 -37 -15 55 -26 -97 72 36 -83 -51 -89 58 11 91 -98 -69 -5 63 -51 -96 -54 85 -3 87 -34 -57 -74 92 65 -8 59 30 97 -52 66 10 -97 66 33 -15 36 -39 -54 -34 -37 50 -85 -90 81 29 -32 -33 41 -90 6 -64 -36 39 78 -47 12 40 91 33 22 28 45 21 -89 68 -53 45 20 53 -69 30 -22 -26 23 -63 49 -36 65 -82 20 86 21 67 56 66 -71 -46 -78 -80 44 36 48 73 -38 11 28 58 -84 -82 50 -13 70 43 -5 -88 -95 97 -68 95 -23 -57 -6 -45 -14 -14 -95 -23 -20 54 -63 59 66 -3 -90 -19 -55 -55 83 -36 19 -48 89 38 4 -93 39 50 -82 -14 -86 -53 79 31 -35 -33 -43 -46 14 50 100 80 12 11 89 -92 88 53 83 81 15 -28 -94 -38 52 -9 -4 -56 24 10 72 -32 -25 90 38 -11 -22 -29 -10 -21 80 -57 31 53 47 30 -60 6 -88 95 90 -27 -30 1 47 1 -68 48 94 -51 -80 49 37 -42 -97 21 -95 38 35 -24 67 -43 -18 -18 -57 54 20 25 16 57 65 -64 -97 88 90 -38 16 -31 56 3 35 51 18 35 -97 89 -95 -52 -5 -57 -50 -98 -46 39 -67 -13 -6 77 90 


910
-85 -71 -58 87 -50 -84 -74 95 32 -87 71 52 -35 -94 68 -65 -29 -56 -14 33 -54 -91 -70 58 -64 82 72 37 20 -11 41 25 61 1 -93 -25 -41 29 100 26 -96 26 4 -72 -85 31 -85 -63 62 95 87 98 -34 -69 71 100 81 77 52 -81 15 -40 28 -26 -51 -91 74 92 -27 93 -49 25 -72 55 96 -35 -49 -4 5 64 98 -16 -22 2 -25 5 -94 59 10 16 -97 18 -86 79 -87 -9 71 21 70 41 37 14 -85 16 65 -43 -84 63 -52 -16 -71 -18 -12 56 -61 99 44 92 -26 87 -84 92 40 57 20 -43 40 22 -77 6 80 53 -5 -8 -48 11 -28 10 98 -60 98 49 64 3 -25 -21 57 60 -89 -4 70 -80 -22 -46 91 -30 -71 -81 9 26 -20 86 -47 59 35 -81 -29 71 -39 -18 -70 -23 -39 65 -30 -69 -5 -11 73 37 -50 77 70 66 -22 8 -83 27 65 80 -75 2 -92 51 -66 68 -60 56 -72 -69 58 90 97 61 54 81 47 63 41 45 31 71 -58 84 -27 -4 35 -46 68 75 -54 15 -69 -80 -39 5 49 -44 -13 61 36 -37 -52 -22 80 -59 -24 -27 32 -33 65 -74 -65 13 0 -50 29 86 87 28 -4 -24 60 -71 -37 -12 -89 34 53 35 70 87 -58 -82 52 71 -75 97 -93 -56 -22 60 67 -54 -64 -97 10 27 72 11 -64 25 15 -45 -73 64 42 -93 54 12 91 -32 -85 -67 70 32 -26 -96 28 -95 -49 99 -39 92 -82 79 31 -51 36 -69 -7 96 4 62 89 -49 -46 43 95 -70 -26 94 -53 52 -72 27 -72 29 38 -87 90 -31 -63 -66 -91 5 -33 28 -12 -73 -15 27 5 -43 -13 15 14 -73 43 18 -56 -43 -54 -82 -87 19 92 -27 -31 -32 -89 44 1 -96 -92 -95 63 23 88 -62 -82 -88 68 -54 11 74 -63 44 53 -98 -71 14 11 58 -64 -69 -88 14 84 64 -84 -22 77 84 -86 -65 8 35 24 16 -65 69 91 -63 25 4 -24 88 -3 -24 86 -59 36 1 18 -10 39 57 64 33 11 98 93 -56 71 40 52 -62 -95 81 31 -40 73 69 41 -86 -3 -95 -67 70 99 -50 -11 -37 -8 -71 -22 -84 -64 -67 10 20 79 -51 -28 79 -92 -26 -85 -28 100 15 19 -70 -23 15 17 -62 42 -13 -3 56 -29 -28 15 -30 63 -67 -90 44 95 -38 -67 -70 -80 65 -52 82 -89 -50 -61 -21 -36 -67 79 -60 95 68 -22 -10 -88 16 -18 -60 -64 21 23 94 -3 -44 0 34 54 27 -32 68 99 84 -6 44 -49 -27 -4 -83 -15 -26 12 52 -1 42 -42 4 48 14 -75 -90 -17 99 -83 88 34 -41 -81 -19 -17 35 -16 -66 86 -14 -14 -89 81 57 -54 7 -57 87 76 31 18 -29 15 92 1 36 -94 99 -88 -56 -32 99 65 -50 -12 20 -53 19 48 52 88 -78 -84 -64 6 22 -97 98 -33 -28 5 -36 27 -16 -87 80 84 -24 -7 -80 -94 6 17 -23 -92 -11 -21 59 -35 -81 33 85 -62 -42 78 29 100 -58 45 -47 -68 -87 -56 97 -64 -30 -66 57 -79 -42 1 -60 67 69 -64 -82 2 -80 -56 -52 30 -14 35 74 90 29 -67 -54 -51 -15 49 32 66 13 -66 13 55 19 70 26 -90 -69 3 5 -19 -87 -91 7 -49 -98 -14 70 76 57 64 19 -24 38 14 44 -38 -29 52 75 -79 33 25 -39 99 10 66 8 37 -64 35 97 90 -23 66 -44 23 58 7 -52 -71 -24 47 96 81 -53 90 -98 86 17 -6 -48 18 97 -98 -19 -15 -15 40 5 85 -71 62 73 -86 -19 66 -64 -80 28 -59 70 96 -25 28 0 82 84 -53 52 29 12 -89 -16 0 -35 -11 -7 -43 -34 60 39 51 20 66 -83 -47 33 24 50 74 3 26 -96 9 84 36 48 -3 -76 -49 -7 63 62 60 -16 -33 -36 68 77 4 -14 -13 -11 -1 -18 17 -68 -54 74 -86 98 -95 53 -94 71 -87 0 14 -96 42 -37 -67 65 -57 73 -50 10 -41 94 -20 82 -94 84 4 -13 -59 -30 99 43 -39 -97 -53 -56 -96 4 -83 -66 -96 100 -52 28 37 -19 54 30 -75 92 57 67 -59 -90 78 -61 -41 -86 -13 -80 58 -66 42 -38 -18 20 75 67 73 96 20 -19 -80 -16 -66 3 -81 60 60 -29 -56 87 -47 79 -12 -91 -54 8 -10 92 48 -66 -11 88 64 -79 58 62 -76 4 -69 19 -15 78 69 -75 -82 34 -53 -40 -63 13 -23 11 51 24 4 14 


510
41 39 69 -82 31 -59 49 -97 90 -96 93 -27 20 -44 80 -5 -92 20 -85 85 -50 -89 41 -8 72 17 24 -27 26 -1 0 21 -49 31 1 34 55 -34 56 1 12 34 39 -2 -64 19 47 -82 46 56 75 -27 62 58 5 10 -79 45 -93 -20 47 -18 66 52 81 34 -20 -74 59 39 -78 -77 40 1 -53 -89 -64 44 -89 -50 15 94 -91 45 93 16 -15 -19 -13 -69 -29 -48 -16 -85 31 -48 -34 16 -55 16 -35 8 -63 -14 -87 -9 12 12 -89 -65 -71 76 -59 96 88 -65 -28 93 51 -49 -76 -63 -26 93 70 -49 -11 -65 69 90 45 16 -30 65 -41 12 59 -58 -24 -7 -95 26 31 31 -31 1 93 -15 -37 5 -92 -23 -97 46 -93 16 82 1 -78 43 51 -21 10 88 4 49 27 83 -96 25 69 -35 25 36 -25 -15 89 66 55 -24 -72 -47 -48 -16 -47 -16 -25 34 -19 -45 -47 -97 3 63 -90 90 -59 -47 -10 29 -5 -31 -24 -67 94 33 69 42 -41 -63 37 -80 -68 -70 -74 -20 20 33 100 -9 -62 83 87 -68 59 -8 -45 68 -30 68 -76 -33 1 64 -97 28 -10 0 15 7 59 88 26 53 44 35 -5 -43 -51 -26 -77 27 -43 -82 10 12 9 -10 84 -11 92 -60 -88 -30 12 46 -73 85 -97 9 -73 86 11 10 15 -90 -28 -18 -97 12 7 -88 3 83 -73 43 -52 30 -86 0 90 38 69 71 90 4 93 56 -53 67 64 72 -38 46 -95 -86 -88 34 82 -55 24 -96 -20 -53 -34 57 86 0 36 42 85 -25 74 1 4 -45 76 -50 -4 89 93 43 93 -57 86 96 96 28 14 -61 -97 93 35 -93 54 -74 -52 -13 -24 -85 87 -52 -32 -53 58 80 -90 -97 64 -89 69 89 23 3 92 -86 74 65 68 56 35 16 2 56 39 43 48 -53 85 -3 92 -75 -25 -83 25 -65 16 2 9 -44 80 89 -79 -50 -65 -20 53 -23 -73 0 93 -9 -83 44 89 63 -86 35 58 46 -40 57 -97 -91 -86 76 25 30 -69 12 47 -58 38 94 59 -21 93 20 78 57 17 34 -30 -16 -11 83 14 -7 54 46 -92 -19 -14 -51 -73 81 -53 -76 90 -22 63 68 50 65 -67 -73 1 -94 19 -3 -91 48 -74 -72 32 -14 -48 17 -42 -72 26 100 -78 62 19 92 -67 -29 -93 95 89 81 -47 48 -77 -28 17 -44 -55 82 15 -32 33 -85 -74 -14 -51 28 -10 -48 -30 54 74 -3 22 75 80 86 -9 -88 


310
22 -62 -66 48 1 -95 -8 95 18 -51 89 12 72 61 16 16 80 47 16 -18 -84 -88 81 45 40 99 43 -63 -40 31 -45 -19 40 15 13 -12 66 39 5 -77 -21 91 -53 78 -48 -79 -11 -52 -34 1 -35 94 5 -61 69 -67 19 69 -75 81 62 -60 28 40 70 -86 51 34 -29 -77 -75 60 -74 -62 13 86 4 -81 -49 43 -39 -55 100 -42 8 22 -42 -34 10 -30 -13 74 -4 -73 -24 -31 -42 -37 42 -42 -58 21 -74 -54 69 86 -82 37 -25 -61 45 -59 -79 -25 -16 -93 -13 -94 -18 21 33 -28 0 70 27 94 48 -39 -77 36 -18 64 -64 86 8 2 -13 59 -32 46 -92 37 27 38 66 7 88 60 35 -58 -54 16 -23 -88 -26 -74 -86 -21 -52 -17 70 -34 -9 -97 12 73 61 51 41 -64 -47 13 -63 37 49 57 51 10 -57 68 -17 42 1 34 37 52 7 -15 -75 -53 84 -1 -67 42 86 -98 10 70 -35 1 -89 40 64 55 -78 44 -42 -12 -10 -97 -92 30 39 86 82 -28 -72 9 -61 -97 58 29 -61 -83 -2 -40 1 71 92 77 58 -36 -91 -30 -29 -32 -97 89 -25 22 -36 86 42 -4 52 -50 -40 84 54 36 -72 80 -49 33 66 2 96 -38 -95 -62 -69 -13 59 -96 -90 41 -49 68 99 88 98 -9 -65 36 65 -43 29 53 48 -18 79 25 -32 35 57 -5 17 -75 72 -91 28 -50 -40 51 -94 63 83 -84 -9 -23 -37 -36 73 63 93 -90 13 38 22 48 


1310
-18 -73 86 4 5 -47 -42 63 -44 8 64 68 90 32 1 -96 56 -59 2 51 -86 -74 -90 -18 -27 -54 -49 77 1 -48 -7 59 -98 -4 -5 24 69 51 50 -93 -85 -53 91 -92 -64 69 12 26 92 -3 -31 -28 -54 79 -81 -89 54 8 37 21 1 11 42 -11 23 34 -46 62 41 75 88 45 81 -61 -5 84 -72 -84 98 39 39 -47 -53 82 -2 -65 98 48 -69 -47 -88 75 76 42 49 -75 -36 83 63 9 -6 96 -50 -22 -83 -67 77 76 48 -40 3 -63 37 -77 -14 -21 6 44 -91 25 -29 39 2 1 -16 -56 100 0 -6 -55 -60 37 38 10 28 -62 -7 -17 -25 90 0 42 20 80 6 86 -83 86 -26 -29 6 -46 -32 -16 -19 77 36 -20 47 -54 45 -75 -2 38 -18 -91 -41 -11 12 -81 24 28 72 -73 28 45 -17 -16 45 54 -75 -25 27 88 65 46 76 67 17 53 -86 91 -79 -12 -96 -87 20 41 -79 -98 -68 12 56 12 68 -16 -17 -65 31 39 28 27 17 -18 -29 -67 -88 32 45 -11 -35 80 81 -6 29 56 66 44 28 -61 -37 -6 43 -69 -93 -43 -90 26 37 -40 -12 62 -48 85 93 -44 -36 -26 -61 35 26 -11 -51 -51 -55 26 -50 7 -84 81 12 22 -62 33 -38 10 94 48 -57 3 -41 79 -87 -80 47 -95 32 90 88 56 16 95 63 -8 -69 35 36 -11 -28 -21 13 -54 58 26 -86 56 -86 -97 92 -53 -67 10 12 37 -92 -77 100 -76 46 55 6 89 67 -39 -16 -98 17 -40 -85 53 -25 9 60 -41 -2 40 59 39 -25 -51 -39 -54 3 -84 8 -58 -17 -48 -42 60 -93 -91 -61 19 18 80 -35 63 98 -4 -26 15 -53 -50 13 -98 1 70 -71 -30 -15 -39 -12 54 -58 -49 71 40 -33 41 -25 27 92 -38 15 -81 -50 -34 51 92 -1 -74 -59 50 -45 -87 18 34 21 14 15 -64 3 -75 97 69 56 49 30 -19 -29 14 -16 -42 -62 49 -68 71 -35 53 5 0 6 -81 74 -24 82 -8 98 5 -46 -46 -78 86 -74 -29 60 38 -21 -67 28 64 46 -15 32 -60 23 23 49 -88 26 -54 -23 -83 65 -73 65 -93 -87 -83 -60 -84 -85 66 -15 -89 -10 18 -25 -78 9 -47 -23 44 -98 -42 1 -43 29 14 59 25 -47 -17 -59 54 -85 -14 -86 26 82 1 -98 67 57 -44 88 -90 -1 -5 -62 -65 15 -46 33 21 -63 77 -75 -75 -61 90 88 -83 60 -2 -38 72 -95 91 78 0 -57 98 22 -57 94 83 11 -90 94 80 -27 51 88 39 -43 72 97 11 -58 -89 -50 72 45 -57 95 -49 -72 82 -31 -61 -53 59 -29 97 19 -81 -17 53 -47 100 8 -5 25 -35 61 -9 36 23 1 58 99 70 72 -93 -82 -16 100 18 -26 83 21 12 -17 81 -96 -67 -98 -46 -64 -15 -48 -80 89 -33 72 -10 -14 -3 2 -14 100 50 61 -76 19 79 -77 -17 13 -81 45 -14 1 6 23 5 -35 -32 -53 -77 25 -51 11 -83 97 -31 -72 12 19 44 19 15 30 32 63 67 -36 -90 85 32 85 69 -87 -77 -61 26 2 46 -13 64 -92 -81 -94 23 -13 73 41 -49 20 57 -83 -66 16 -56 -45 -65 3 34 23 -85 -9 -45 -46 -50 4 15 49 3 -6 40 8 16 -39 52 33 70 -56 26 -10 -21 13 84 46 2 100 75 -90 67 67 -96 -19 -33 -73 71 55 93 55 88 81 85 -76 -5 -14 25 38 -57 -4 -53 88 9 22 100 -39 -46 -17 -15 -65 41 16 -63 -84 -53 -55 -50 87 -90 -38 30 53 -8 0 -3 63 -10 84 79 -41 63 -32 89 38 -35 -25 -13 -39 -83 -32 -35 93 16 27 3 44 -56 -43 -40 71 83 53 93 26 -72 -31 -75 -61 10 -9 -48 62 -70 -19 32 54 -36 -38 18 -97 47 -39 0 -5 77 -12 79 -40 69 -9 -56 -59 99 30 54 22 -93 -82 67 66 33 -39 27 -24 74 -18 -94 34 61 -82 -41 89 -5 -38 -35 16 -48 -77 40 62 -72 -31 34 -17 12 -51 -5 2 -31 10 22 72 -31 -36 -78 -34 82 -63 -39 -92 -34 3 -39 63 -81 45 -10 16 -43 -10 83 70 4 75 -91 48 78 24 26 -42 33 19 -73 0 -77 -49 64 90 14 46 -78 64 -43 -55 -79 -89 82 -88 21 83 22 -19 -17 86 -42 -77 68 -2 -68 62 -36 14 -56 -33 -38 -53 -88 74 84 91 -82 -28 4 -24 83 -85 -7 63 53 22 -66 46 -89 56 -41 72 24 75 45 27 -40 99 51 -54 52 99 -81 19 -96 57 93 -65 -78 6 93 43 67 20 -93 -12 1 -71 43 80 -8 -57 6 82 94 -4 -92 -40 68 -86 -88 -62 -9 0 -50 63 23 -26 32 -24 76 9 -38 63 91 -30 90 -98 -13 28 -86 -43 58 85 33 -45 89 1 -31 -50 4 95 -63 52 47 -14 45 -68 -32 33 52 93 -28 -89 24 -17 -3 15 -25 -55 -28 50 -24 53 27 -68 -72 83 90 38 -32 -47 -86 6 -64 83 89 -63 -10 43 14 38 -60 -73 -83 -54 -34 58 -71 -76 88 -4 35 87 -59 -95 -60 38 -54 -57 -93 79 79 -35 -40 -87 -71 0 48 -56 48 -67 -97 -20 -10 64 29 -22 -21 44 73 -14 -41 -16 -62 75 -84 20 -83 94 -57 -20 -20 -65 -4 41 -3 -56 72 -69 52 -16 -3 -11 -71 -11 76 68 39 32 -44 25 -69 -67 -5 81 -37 -25 -6 50 10 93 -45 8 38 -97 2 32 -31 -49 -7 4 -80 53 79 97 5 -26 41 48 5 -29 -13 -64 -12 -95 -47 -30 63 -39 47 63 -27 39 -31 65 -22 17 -66 -32 99 83 43 -26 64 -49 19 88 14 62 -9 75 2 -91 -55 81 66 77 -49 25 57 67 -77 20 84 -86 12 61 -76 -49 22 88 58 58 -12 23 -42 89 24 -4 -30 63 -41 77 -85 -1 16 68 75 -98 -45 -28 -21 73 61 31 -35 13 -62 -43 -84 12 2 12 -80 -23 15 -84 85 -88 -40 -50 -77 -57 -6 26 1 63 -87 -41 70 -8 56 -1 -81 -35 31 -57 -61 1 86 -82 80 28 27 84 27 50 88 -26 -30 -92 -35 44 24 31 -56 -49 -67 95 50 -98 34 -97 -41 -12 40 -59 -45 9 -20 24 -54 94 -40 44 66 -89 66 -53 27 -43 -78 -56 26 -18 -48 10 65 23 66 3 -59 -55 -93 76 26 -47 14 -90 -15 -45 -89 71 -38 -74 -36 87 -35 6 54 -2 72 -15 -71 -54 -38 


110
54 -91 61 82 30 42 -23 63 -68 -92 49 -53 -18 31 69 -82 -21 31 55 39 -36 64 -71 66 -70 -5 -17 -84 -55 1 98 -4 96 -27 -72 69 72 56 -15 -54 93 -98 -7 -92 37 0 18 -12 12 -49 -23 48 -57 -49 58 25 38 -63 12 43 30 72 -2 -63 72 -43 57 -23 84 -61 11 93 -68 6 -61 -91 1 -98 -70 84 -97 76 58 6 22 53 -92 20 -4 79 39 36 1 -25 11 -23 -72 86 -53 -67 -72 -36 67 58 -56 20 -17 -62 78 35 


1410
0 38 41 13 37 -32 -31 51 -50 -54 -23 57 41 -41 61 19 -22 1 42 24 -31 -33 74 -85 75 0 84 -50 -77 -93 -47 -74 18 23 88 -54 -41 -54 -5 38 -24 23 43 -28 -66 56 -10 -12 20 45 -5 -73 -81 6 0 70 33 -56 12 88 31 -15 -17 14 11 -38 -86 2 54 65 -60 -2 -63 17 -25 5 -2 79 -63 -2 82 -17 -12 -74 -57 -47 80 48 69 -12 86 -77 -29 11 46 68 -67 65 -63 -89 19 -44 -12 -92 -3 30 -81 -62 -71 47 14 -76 -86 25 82 25 -27 75 47 57 -40 -83 -3 -32 65 -25 -16 21 -98 -54 -30 -77 65 97 28 -69 -29 34 1 -9 -85 65 37 -8 8 -80 79 69 47 -38 -62 86 64 -1 82 -42 -29 -5 8 74 -59 95 79 3 8 -34 55 -9 46 -84 -50 28 2 -32 -95 -24 -51 -89 -19 -2 -85 52 1 -68 28 -46 -78 85 -46 0 -65 -3 58 5 84 -84 9 -60 -25 42 -68 -55 -90 -15 -93 -97 -37 98 -90 39 -11 11 -34 4 -50 -58 13 84 46 -15 -47 85 -97 -46 -79 31 -73 -30 14 -89 -90 -75 71 71 -24 -59 93 87 58 -82 -33 58 -36 85 31 71 24 95 -9 -26 79 -47 -50 -73 -22 86 -36 99 26 -27 -51 -58 19 43 2 -66 45 -94 -66 47 -64 90 -50 -2 -94 -40 94 -75 9 -26 -32 -41 92 8 -21 -74 -45 51 -49 55 31 18 73 -45 23 -82 -64 -35 -51 39 81 -35 91 -73 -53 -7 7 42 95 -28 -46 -59 42 10 83 0 81 44 -84 -90 94 -88 33 -84 -69 22 68 -94 -13 -83 38 -22 7 -5 45 -77 10 94 -38 -68 25 23 63 -79 -46 59 99 91 -21 47 79 -37 90 85 -90 37 58 -67 38 24 85 -98 9 -67 38 -82 -23 -56 99 -92 46 85 -50 -29 -62 56 -77 8 -2 -82 3 42 -80 -9 79 -92 84 28 97 18 2 -92 29 -21 -82 42 82 -47 -40 -87 -51 93 -23 3 33 10 -73 -73 11 52 78 -38 -17 -30 61 -3 86 67 38 29 71 -53 -69 -19 -80 -6 -71 93 -97 -26 56 -57 -86 96 -27 52 -69 37 -68 -38 73 -37 -84 -1 -88 -35 -36 0 82 27 -59 98 5 -77 49 -28 96 29 96 56 98 35 48 76 100 -16 27 49 54 70 -73 37 7 34 75 -95 -79 30 -50 71 -89 87 13 71 -79 -36 -46 98 -73 -75 59 -16 -36 -31 -10 -30 74 -61 70 20 22 83 -27 -67 11 -18 9 99 -76 -59 -18 -89 53 5 -37 70 -92 -67 -35 -88 72 57 -82 -41 59 66 94 68 73 15 -24 -13 -58 35 24 57 -91 25 69 -34 -46 -2 -78 30 -91 27 98 -67 92 86 99 -47 54 -89 10 52 -20 67 -20 -37 13 78 -45 30 75 35 1 -2 47 65 85 -14 39 46 -52 69 81 -42 66 19 -69 23 98 4 9 -51 -92 -73 -32 11 -40 -51 -56 -67 2 -41 55 -3 51 -92 -85 4 71 -29 -85 92 77 7 11 69 35 96 -74 -30 51 65 5 -64 -72 34 -53 62 -46 -32 57 59 -72 88 68 23 -80 -29 36 91 -88 26 41 61 -68 92 55 -58 17 -50 -36 75 -22 26 -93 -1 72 97 -91 32 -17 -21 -7 -62 31 8 -4 -78 18 -1 42 57 -57 92 -2 57 35 24 67 63 5 -26 69 6 99 34 82 19 27 10 8 50 -49 -41 94 -19 25 3 38 -83 99 -77 97 -81 -38 5 -22 -66 -92 52 25 69 -72 -9 -32 -54 -9 -48 -48 53 95 79 -39 -29 -86 70 -42 -78 93 18 19 -58 86 78 46 -97 47 57 1 98 -16 -72 -14 59 52 -71 -73 -39 41 16 3 -62 -47 51 51 67 27 -90 -42 -77 17 16 -20 -13 -16 -2 84 55 12 93 -86 -66 -89 72 80 55 -46 2 26 -96 -53 -96 -92 -19 76 -28 -12 -36 -77 18 -19 0 100 -43 -63 -7 -18 10 -17 14 -11 -34 -82 49 -84 -12 -40 -69 -87 39 -29 74 -1 3 -55 18 -82 33 23 -7 72 -1 -57 -49 -57 1 -20 83 98 30 16 -54 -14 98 73 61 -20 -44 73 -64 51 -1 20 -67 -82 -93 -13 58 61 -24 17 22 19 -89 91 12 -62 -31 -78 95 -76 -52 -48 -80 68 -1 -85 77 3 -68 33 85 94 -64 -5 -65 -81 -49 -31 97 -10 95 92 43 46 -1 -61 -50 97 68 11 -85 -65 -48 49 -69 33 -26 47 47 -47 -63 58 -84 94 85 -85 -98 62 -64 65 43 -25 8 52 -14 35 -79 41 59 97 54 -66 -48 57 -2 57 55 -89 -30 -82 45 97 -29 9 -13 -10 30 -70 53 39 52 13 85 -42 -45 -92 -1 14 -45 -70 34 -43 55 58 61 89 86 -32 14 7 91 -80 -56 -32 -15 -54 31 -89 23 -92 93 -79 69 -30 -60 -53 82 24 50 93 44 -23 59 -9 52 -31 74 53 -81 93 -79 28 -95 -7 23 -94 90 -55 10 23 72 66 100 37 -28 55 30 94 64 -66 -86 -68 29 10 8 -43 71 -63 35 91 31 61 2 -16 -93 -80 -93 -69 -28 20 49 -51 -25 15 11 5 62 35 -27 -85 25 70 94 20 8 29 65 -16 -96 43 67 -93 -48 -12 -41 -87 8 -98 42 -94 69 -97 -53 -70 98 -87 41 3 -75 77 -46 -3 -16 -50 -28 -5 -69 -27 28 11 93 38 -9 3 9 -47 -50 -8 -78 15 88 -55 91 -34 -22 -22 -2 53 -88 -61 -33 64 62 -2 9 -22 -8 -41 -59 -73 -85 -60 0 -36 93 -7 95 72 -89 56 71 -25 1 25 -27 86 32 -67 17 81 74 67 -47 33 91 57 84 -11 -27 -55 67 50 9 53 -89 -45 -53 20 44 49 -76 95 -20 53 38 -51 -28 25 -70 -49 -23 -73 -92 49 -12 70 76 19 -9 -25 -65 -90 -94 -47 -44 -21 39 54 21 60 77 -54 -74 -38 -26 -58 34 78 27 74 -21 -93 -35 -76 32 -21 -4 -75 -37 62 -2 91 85 -78 -69 59 -65 -51 42 -59 65 70 29 -17 65 53 -27 -98 -75 -87 34 -6 77 12 -34 55 90 92 21 41 54 42 -67 -45 -96 -28 35 73 -88 13 49 -25 -79 9 -18 -82 78 84 -83 -35 -69 -51 -83 -13 78 -92 -96 85 16 -67 72 -29 76 -62 53 21 -96 4 77 9 -15 53 -53 85 -73 17 18 10 62 -26 73 -90 -71 -57 95 71 87 86 43 -93 44 88 -16 -95 46 -16 60 -87 -31 -14 39 98 -65 -42 -38 60 74 -48 -77 77 -79 0 -50 -94 50 -7 -94 -63 -45 -77 -74 36 56 32 -69 45 -17 43 -37 41 32 -60 -74 88 -75 -33 68 89 51 -50 -38 -8 83 1 -96 33 90 25 -3 -33 -16 -15 20 -31 -53 65 91 58 -32 60 24 55 74 16 -94 79 30 27 -18 59 -98 80 84 55 1 4 -33 -1 -64 42 85 -5 44 -26 -77 36 21 71 27 -7 -48 -40 1 54 55 44 91 -82 -60 -71 -57 -41 60 41 15 38 81 46 76 59 -94 -15 20 53 -84 


410
83 34 3 -1 -40 -21 23 1 7 38 66 -44 -20 98 72 -96 66 -84 -23 -29 100 31 97 -55 2 45 50 16 33 31 -63 -63 38 -76 -71 -83 100 58 -39 97 -63 -15 99 -62 -19 62 -42 -58 -12 11 -23 -31 -25 -33 81 -66 40 -71 76 38 -41 -21 -32 -24 -92 24 -60 -68 75 -1 -38 -5 15 73 11 -43 7 -89 -26 -62 26 -96 61 -79 61 69 -40 -7 -60 -53 -61 13 0 82 80 29 -5 -55 -98 -72 -48 -88 43 -25 -3 56 60 67 -28 -81 -78 38 -13 60 21 84 84 89 -97 -35 -10 -61 26 15 13 59 14 -92 -9 43 98 -29 93 -33 -92 6 36 -28 86 -58 -51 -11 4 26 -5 -17 73 32 -86 4 84 59 79 53 30 -93 -98 -56 1 -20 -26 -34 85 -89 24 7 -84 -41 59 73 11 -2 57 77 88 89 -14 53 -36 -1 47 -67 50 31 -4 66 -19 -92 -2 99 -49 31 -27 -1 35 21 -42 -83 25 -16 -68 -81 45 -59 -70 88 5 -35 -4 -88 -80 88 -21 -58 96 25 -47 -51 1 62 43 19 -28 91 -32 29 14 5 -70 69 41 64 89 75 -41 77 80 -38 74 -31 -17 4 63 95 27 33 -72 -64 85 90 -83 -39 27 -3 17 89 -78 12 29 75 -6 -74 5 60 13 -43 -43 -13 -10 43 3 18 53 89 -11 -15 -49 97 -14 -91 -67 29 70 -48 12 -91 -7 -92 -51 42 77 -14 72 -34 -12 6 -58 6 -5 87 49 29 -43 85 -16 20 -84 -59 39 43 -73 62 44 -77 38 94 -98 -1 52 -86 27 -81 69 -25 32 -33 -73 -48 -95 -54 6 -56 -19 -38 39 83 13 25 52 -17 -82 -41 -16 -11 -35 -57 -21 -57 -83 -70 -74 9 86 -51 64 60 -39 -35 12 -54 -3 -7 97 -68 10 6 -3 -33 -77 13 98 67 -95 -55 -59 71 -51 -7 72 19 2 -85 28 -43 68 -20 -7 80 98 -54 -35 -71 -15 97 -18 -55 79 -68 83 -83 -80 -73 24 30 38 -56 -38 39 -48 85 


310
11 -15 -61 19 -45 100 -95 -51 -28 -2 18 93 75 61 57 35 75 -57 -22 8 -85 99 -41 -58 -33 -9 -19 -89 -88 -67 -32 93 -62 29 63 -44 -76 98 37 42 81 -39 -17 82 83 -69 -49 17 -59 5 28 -6 15 -61 99 -24 68 71 -67 97 -81 -75 55 -1 -81 34 19 -12 96 26 -38 -43 -97 -5 -80 12 22 1 -50 60 -16 49 56 97 -53 73 -56 46 -78 -18 -19 -14 -2 79 -26 39 -88 -82 78 -61 -60 58 -29 -19 85 3 -67 72 33 77 60 72 26 34 78 -36 59 -58 -30 -4 27 -16 -93 -90 84 -87 -42 -98 -54 52 72 -84 -85 56 -10 -16 -20 -78 -89 -95 2 70 27 -76 46 88 -54 50 93 -11 -15 80 -51 5 97 86 72 37 -45 -68 33 56 -16 -84 63 -61 -71 -31 -40 34 8 71 -37 -66 54 -19 -23 -58 -27 62 47 30 -28 -53 -45 6 10 8 -28 -4 -59 -15 -59 -32 15 55 2 3 -52 -42 -27 -16 1 -64 100 -78 -90 93 23 9 54 -54 20 -63 -63 -34 -50 -94 -4 -86 76 -22 31 -88 93 -4 -41 -31 97 -55 -71 81 -82 62 97 -97 -53 93 -39 2 -86 -44 -67 -29 64 -15 4 9 60 -30 69 0 -3 -37 48 -90 -30 -40 70 9 -88 47 72 -89 -19 16 -70 -39 -60 -9 54 -38 -15 70 -66 35 48 -5 -41 48 11 88 72 76 -63 -14 -86 3 -32 96 -75 57 -10 19 -68 39 42 47 -88 -74 60 58 -28 -82 85 -20 58 100 -56 1 


1710
49 41 7 95 15 51 -63 3 -71 -83 70 -23 15 -80 56 -19 -72 31 -96 26 83 26 -96 -2 -3 -26 15 68 79 -94 75 -53 -5 -80 31 -69 1 -59 54 -60 18 -31 25 13 1 -27 86 -12 -43 -28 21 -80 -59 31 -91 -82 -57 -48 29 -50 -8 -55 77 1 -22 39 -70 -94 96 -45 65 -64 85 61 46 -27 9 -91 58 -30 -13 -39 -47 95 -12 -53 -73 48 92 -11 49 -35 75 43 32 -5 -37 65 -70 -78 94 62 -20 -20 -13 18 38 46 -90 -82 25 42 52 -71 -82 31 57 -74 92 28 -64 88 36 17 19 25 86 69 -46 -25 -20 -47 -96 -35 -95 22 -61 -33 56 87 20 36 22 100 70 -19 77 44 -20 53 74 -6 -61 35 69 -40 37 59 -96 -29 -58 -11 66 -12 -35 -90 -13 74 1 28 3 88 47 60 1 43 39 29 -59 1 -92 -92 -1 89 47 -56 12 -41 41 -79 -42 -24 66 -57 61 -65 81 59 46 3 17 29 0 41 -74 21 99 57 10 26 87 54 35 91 10 18 -62 -79 9 33 -57 -46 89 -27 78 -15 50 -18 -22 -89 -15 16 84 -85 -20 18 28 -27 -96 80 19 -52 -84 -70 63 57 11 63 -42 -11 24 -76 -33 30 -70 -34 20 24 57 -64 -3 -52 97 5 -87 65 53 -6 37 -48 72 100 -12 11 77 6 77 47 0 40 2 9 -68 -22 66 -15 -55 -25 -3 -97 90 80 48 98 -10 -77 40 -13 -27 -16 -23 63 -34 19 100 72 -91 24 94 -35 100 50 34 45 42 2 -93 -79 52 63 -86 -76 -8 58 -60 59 -98 28 57 33 -7 -34 -94 97 95 27 -58 -64 84 46 -43 56 -34 -37 -19 42 -18 29 -84 40 -51 -89 49 -12 56 40 38 -17 20 26 -11 36 94 3 68 66 100 -89 94 3 85 -71 46 42 90 -76 93 -72 1 -97 16 -66 -35 39 -10 10 -86 -89 -78 80 -75 33 -61 54 -4 6 -77 -66 86 -65 -52 -43 -74 23 -27 57 63 -78 64 -97 96 94 12 88 63 -17 53 -84 82 -48 16 93 -90 -53 -45 38 83 -83 -45 14 40 -90 77 71 61 -97 10 8 66 46 -64 25 -67 13 54 -66 12 -26 1 10 95 45 -17 -89 74 86 85 85 -78 96 11 1 63 -51 -8 74 21 -16 -20 24 67 25 9 74 64 -66 -68 -63 -4 -7 63 -1 69 89 12 92 46 -95 50 -42 66 11 -22 43 -39 -52 -55 65 -89 81 48 -41 78 -82 27 52 14 92 -3 -15 27 -56 -98 -97 30 36 3 -60 81 -14 -63 48 -61 -53 -86 2 77 47 3 -37 -53 9 -18 95 99 40 -29 -16 -91 -62 53 -44 66 -54 86 52 54 -34 -82 88 1 15 34 -42 10 -97 58 -91 -21 -70 46 -5 78 69 87 -18 79 -21 -51 44 -1 84 -26 -54 -33 29 51 -32 -29 44 -26 -32 80 55 13 33 59 -29 2 45 47 -12 8 30 -8 -12 47 76 13 87 74 -21 -18 64 -88 -67 27 -57 34 -57 3 -39 -92 21 41 75 -5 93 -80 -90 8 36 2 12 -18 86 -51 -40 18 9 -83 -93 -54 25 6 37 17 -21 21 5 31 69 -95 49 54 -78 25 -65 -5 26 -34 4 81 -98 23 18 -1 70 91 43 100 74 -58 64 -79 8 75 -80 -69 -71 -7 -14 83 79 86 50 32 -61 18 -38 -79 47 -86 -3 4 -78 30 -3 -54 -56 -20 -14 71 15 84 -26 45 -13 -88 -61 31 91 -33 -48 -15 61 96 -98 5 70 -96 -14 21 53 94 55 49 41 91 92 -97 -44 -62 -11 -31 92 -21 -35 -60 67 31 96 -55 98 27 -19 -7 -98 37 45 27 86 -82 -3 64 -92 58 -86 68 -59 -25 15 -62 -9 84 3 69 -12 -91 -20 -60 -37 -57 78 -28 -62 -28 -58 -49 -97 32 -41 77 77 -83 -97 -31 68 69 98 34 -36 37 -60 3 -14 98 37 -9 72 56 -65 60 19 -18 24 -75 47 -1 -74 88 78 57 5 40 -28 23 72 100 -88 98 -18 -28 -17 -7 38 -83 -67 -4 51 7 -40 62 -71 52 -81 -42 -28 -40 51 59 99 79 -3 -35 -89 93 -40 4 -12 53 61 97 46 -26 1 12 29 61 34 61 -27 90 85 42 55 -17 87 11 -42 -51 -60 -86 -73 -30 69 15 45 61 -96 -85 68 -31 59 -36 -79 -46 -92 96 -3 -29 -18 94 -38 -9 7 -42 45 23 -70 -81 -29 90 -20 4 67 7 -66 -13 -58 -49 67 9 -56 -57 86 10 -45 27 32 99 -88 47 90 21 2 34 0 -31 95 46 -91 -4 -36 -12 -80 -96 -50 -46 60 45 -45 -18 100 -58 92 -69 21 84 -84 84 58 72 82 -76 -86 79 -83 8 13 -21 -68 -18 26 -41 -27 4 82 50 -90 80 -11 -64 30 -72 -28 14 -93 25 32 -78 -16 -53 5 52 -5 7 6 14 -39 -97 65 -46 -51 55 -26 -72 52 -18 79 -51 1 -12 77 85 -87 -37 -37 -60 74 58 -66 -32 -47 28 -49 -87 -30 2 -91 -26 68 -55 1 -18 44 85 37 -58 -70 43 -37 18 -4 43 58 -24 -47 -88 -95 8 89 -27 24 71 69 -38 -24 -51 45 -14 40 -38 88 -80 -42 37 -57 -19 -77 48 -66 -30 56 5 -86 -39 7 65 21 16 55 -7 -11 6 -50 -92 17 10 9 -29 -49 -13 59 -13 68 20 -39 -15 31 -93 94 34 40 67 66 -88 74 -68 60 95 97 -57 45 -38 -2 45 16 -53 81 -72 33 24 -34 -15 -9 -34 -90 73 13 87 -8 20 -34 98 100 -6 -53 69 75 -3 6 90 -20 -7 20 89 -2 -53 65 94 -68 21 9 51 38 57 -72 -1 -63 -86 6 -97 63 -24 15 -98 -79 -34 65 -17 90 -4 -42 8 54 73 79 -26 73 -53 98 -62 -36 -83 -30 -45 77 88 -40 -98 -68 33 -9 -79 -69 -93 22 -55 62 -39 -13 67 -94 -80 -28 -59 39 43 6 -48 81 -15 95 72 23 -18 85 99 -21 9 94 -93 -73 88 36 -16 35 23 -59 28 75 -39 77 -88 -53 60 -62 -1 36 -58 69 26 -20 29 24 0 -82 97 -27 8 98 3 91 -35 -98 -20 41 5 72 -22 57 -59 -66 60 8 82 46 48 67 44 22 47 53 80 71 100 -96 -92 -56 -35 46 -26 5 9 43 61 78 -80 -1 26 -79 -26 -82 -83 38 44 42 -19 -63 74 41 -9 24 12 57 16 52 -47 84 -67 36 -72 30 -24 -94 -6 12 15 -93 -98 -11 -76 79 82 32 79 -30 -21 5 -64 -54 -13 -38 -43 -47 -77 -31 95 -71 16 -28 98 54 62 -94 -20 12 70 41 100 21 93 -77 -74 64 50 -6 39 14 72 33 29 84 -91 100 36 -94 57 -79 -50 27 89 100 1 4 72 41 84 4 46 -25 -64 -38 28 30 -14 -52 -11 37 77 -98 23 80 71 24 91 39 62 -68 1 -15 47 -51 -39 79 -80 -56 -55 43 65 -42 68 13 -13 -16 -83 4 50 -78 33 -88 -55 87 -83 52 35 8 -60 -93 46 1 87 -76 84 43 -57 30 -96 -71 87 -30 -66 -82 -22 26 62 -75 96 -61 38 -93 92 -57 -90 -20 -19 72 -79 -46 51 -17 -94 -62 -69 -45 88 38 -49 69 -82 20 48 -89 45 28 47 -11 8 -82 -11 51 -31 -59 -20 16 77 -35 -73 -6 -19 -35 19 -13 -39 -17 62 25 -96 64 69 60 96 -53 44 45 96 -31 -86 -97 36 -90 1 22 98 32 65 -51 -22 44 75 -83 -45 90 9 -34 52 -8 -49 -24 70 -93 22 -18 70 51 61 -10 -8 -64 -13 30 -43 99 -5 -20 13 -69 23 -9 98 76 1 73 40 -33 -44 -15 -55 -96 -8 -54 -42 23 -95 47 -61 31 37 -16 -52 83 81 -31 -20 -93 67 -8 -9 -60 -73 45 -76 80 -12 -24 23 -14 72 -76 -94 26 31 62 45 54 66 24 10 67 -20 -44 -78 -51 84 -18 -62 -9 -92 -92 -36 -4 -47 63 24 -18 25 -50 -75 30 49 -53 62 86 55 12 76 14 17 80 67 -13 -89 -55 25 -29 78 51 89 -33 -52 -96 -94 86 30 -20 -82 -42 63 69 -90 56 52 -66 30 90 72 -57 -27 78 -89 1 -36 47 -91 -63 39 53 -60 -69 64 100 -63 35 97 -64 -74 60 87 -15 -4 51 -48 22 73 86 92 -61 -91 2 76 -68 -4 81 44 88 -32 100 -26 75 -55 75 -3 -91 -88 -94 71 30 -71 71 79 -16 16 85 74 -38 57 -94 -86 -14 -1 57 42 -96 -71 -4 56 41 -31 9 


710
-25 5 -63 -41 90 47 55 -40 53 -4 -45 -80 19 -75 93 -38 59 -17 -26 -41 -52 -37 9 99 46 -70 -18 4 78 49 98 -72 -30 41 61 -57 26 -50 3 82 -43 17 8 8 69 86 27 66 -20 23 -31 -18 -22 -37 46 17 73 54 18 -35 -8 85 -79 9 70 -31 87 90 71 5 88 94 50 -77 66 6 -13 90 -28 -29 7 -93 -45 65 8 71 -61 10 25 -5 84 -30 -93 5 1 27 65 -50 -83 -14 9 48 79 65 73 44 13 3 -53 14 -17 34 -31 66 46 -47 77 35 -20 95 -64 -6 72 -41 58 24 -96 57 -60 19 -19 6 -39 79 26 4 -35 44 25 79 -30 96 -55 -64 100 48 15 32 -21 17 35 35 13 48 -78 9 -95 42 -94 -4 -17 41 -5 -73 -12 -71 -33 -64 -12 -65 -92 99 -72 62 60 24 92 5 -23 54 -21 -53 28 -9 -90 3 -61 50 -36 8 -34 -68 82 37 -71 -89 28 -56 89 -20 60 78 -27 -36 61 -49 -91 30 -12 18 -98 8 -30 68 79 -19 21 -31 82 -68 80 -51 73 -23 -73 82 -63 0 99 15 -59 31 80 96 21 60 90 -54 -68 83 -79 49 8 37 58 92 -13 47 63 -45 -57 90 79 93 -14 -98 8 -59 46 -43 -26 -69 -63 98 -94 21 -12 -43 -34 -45 -55 71 29 -11 6 29 93 48 -46 52 -29 72 -55 81 72 -90 19 0 -41 16 -26 98 -28 2 7 -43 82 -36 -31 -20 -61 18 -67 -61 10 71 64 28 -76 -68 71 -82 23 -46 64 -93 -76 -1 -54 27 -85 -64 75 31 -35 4 6 -45 -24 82 -83 0 16 9 39 41 -23 -70 -3 -57 35 -78 -60 -42 53 3 44 -71 -67 20 -16 -17 -66 51 68 -26 -63 90 -97 -90 66 69 -96 -47 89 -72 -43 -41 25 -11 -96 29 -40 -11 -81 -41 -51 -12 82 -31 29 61 -43 3 -61 -57 -32 87 -13 19 -98 -50 60 -65 -42 -5 96 59 89 21 -76 73 32 30 -21 -56 77 13 1 -70 -43 13 -29 -92 -24 -55 -28 -93 -19 58 70 3 51 -50 79 -58 -17 -71 65 83 -48 -75 -34 17 -10 -37 -82 -80 5 2 63 -83 -15 69 -92 -27 -34 -42 47 -80 -56 -74 -24 -68 -33 63 11 -15 96 25 -72 -20 -95 -59 -34 23 25 -8 -81 5 78 -73 18 -79 98 -1 22 36 63 -35 -72 -22 91 -19 3 -31 21 -7 -95 89 0 -60 -83 -98 41 -42 -91 -87 44 -87 -93 -61 24 78 -96 37 -3 69 35 -28 -13 -96 53 10 50 -28 98 19 -93 62 92 76 45 93 9 58 81 -8 -73 -60 55 -97 44 44 -85 -43 -81 44 -71 -4 70 7 48 -67 -76 -8 -12 17 -60 72 -25 47 -66 -61 50 15 42 19 -66 96 70 38 64 81 -37 -83 59 -22 -36 -8 18 -64 -12 20 3 80 -22 82 -46 -82 -25 -18 -34 -65 13 17 60 -71 -62 -21 -29 -50 43 -96 58 93 3 -67 -19 -7 42 -61 40 -19 -69 -30 -1 -73 -85 -27 63 -77 41 -74 -88 -12 -66 -20 67 -96 -34 -60 52 48 -79 -3 -7 13 -42 -34 32 -16 27 12 92 -58 93 -89 -19 44 -6 -6 23 -34 73 -65 78 -91 -18 -44 79 67 1 -75 -96 -33 -82 39 -36 -94 -84 -69 4 -12 -71 84 -3 -48 -83 65 -45 -31 81 22 72 73 -68 -35 99 26 -75 -71 89 10 -89 23 81 50 4 64 16 51 37 8 30 45 45 19 -61 15 -31 34 55 -67 48 26 42 53 32 82 


1010
-25 -47 -21 61 -55 -12 -4 66 -78 24 100 -14 -78 52 90 -20 -2 68 58 -40 57 22 -3 -6 41 -39 -87 -28 76 97 47 -25 97 -88 81 8 0 -19 -79 74 -30 -88 -63 53 -18 -93 57 22 62 59 60 -73 -82 -50 -18 -59 43 -4 21 21 -20 -68 18 12 -83 -6 -14 -95 -57 86 -22 40 92 -20 -67 9 -86 -1 -70 -67 51 -27 15 41 -17 12 -77 -86 33 -52 -68 -68 -90 -96 13 40 -78 -35 -9 9 -50 -83 -82 -90 49 81 94 59 37 -16 48 18 88 -67 66 14 47 -41 -53 -8 -22 4 -1 -75 -61 48 -31 62 60 -87 -28 75 -20 -48 -89 -40 -4 -76 -97 -61 70 -97 8 45 10 -82 1 -46 31 63 38 -27 -9 -53 8 62 -60 4 61 -40 84 -60 -23 -37 24 94 -57 19 19 -71 -63 30 -69 -53 -62 -4 -94 -26 -95 18 87 -76 -64 99 42 30 -56 58 -31 -97 1 28 60 -72 -27 -31 66 44 87 -32 92 10 87 19 12 76 -74 -76 -17 -77 12 41 -77 -73 31 92 13 -92 3 52 40 83 37 89 -46 -18 56 37 73 48 88 -13 -11 -48 8 74 -44 -38 -18 -45 -23 -22 52 -25 -90 27 -33 90 37 -35 -15 -6 -90 90 5 40 -55 48 9 -82 16 -33 -58 7 55 -1 95 87 39 2 -23 59 -14 -2 13 -60 89 53 -34 67 -75 -56 20 -45 84 -1 90 77 78 59 69 -83 87 -82 17 -71 -71 63 -87 35 -79 -72 -96 70 -9 -71 -95 -51 -84 56 41 -72 -79 -75 -44 -1 -58 23 59 53 -53 -29 1 4 26 91 90 89 3 42 -18 -43 8 -11 -33 18 -8 73 66 21 -45 -25 -68 15 -75 -60 53 -24 80 33 33 -97 -11 98 -56 -88 89 -66 -26 -17 70 -96 2 -55 0 -92 -42 -63 -28 27 -25 72 89 -33 -61 78 14 34 8 -50 -91 -31 -8 31 94 7 71 -68 17 -9 93 -38 9 45 -60 -65 -35 -7 -52 14 -36 7 -2 -58 10 -68 45 64 19 -26 -33 31 22 -37 12 -11 24 -21 -55 28 1 69 67 -12 76 74 -11 16 -62 -64 40 26 18 -36 5 28 93 -64 87 -26 -38 28 -33 -31 47 -85 -4 97 46 -59 14 92 -79 69 81 -17 75 -27 85 98 -17 -56 62 7 38 -89 23 93 -65 -12 77 -72 41 -36 -61 -71 -27 -56 76 80 -51 -83 -58 -40 -12 24 -14 -49 -60 7 21 -53 -53 -58 33 47 -81 90 65 -27 -47 -13 -54 -84 -65 -41 23 -85 -8 -53 -25 -11 -18 11 62 11 -36 96 2 20 10 -13 17 15 75 -94 -73 -19 52 -73 -53 -56 40 -25 -77 69 -47 -44 67 27 -54 -56 74 60 71 35 -67 78 -45 31 -87 -54 70 49 -51 -50 31 -40 0 -20 97 35 -68 -84 -17 -51 86 10 -97 -29 35 -24 74 -1 -51 6 -48 74 79 -37 -11 60 -2 0 50 -51 -56 -58 59 91 5 -18 -48 45 -62 69 -17 13 -63 -43 81 -33 -10 71 93 -5 84 -11 49 59 10 43 -24 27 32 -20 -37 20 43 -80 -46 -47 97 -39 63 25 -13 9 54 79 -54 26 -6 76 -35 26 91 69 100 -65 77 38 29 53 -58 97 35 93 72 -58 -2 10 -94 10 100 -58 5 -49 -45 -30 58 -70 48 -24 -9 -54 62 -77 30 73 87 -29 61 -74 16 -47 38 -78 27 -8 -71 -1 -51 -87 93 82 -94 33 -89 12 34 9 46 95 48 64 2 62 60 -29 53 52 47 58 -39 20 8 -93 100 42 -5 85 -76 57 19 -40 -73 -21 -7 -35 -88 47 -32 61 -81 72 44 -6 -75 -61 82 -63 -87 24 -30 43 45 -32 -18 71 38 -57 -86 46 43 -14 81 -47 -58 -73 -47 -57 84 12 22 -92 -13 -69 77 46 -83 -75 -98 49 49 55 -74 -36 14 2 -14 -40 25 29 -66 -35 41 26 35 -64 50 -95 10 75 -41 15 -88 -28 12 81 -32 -81 53 6 -32 36 92 29 65 7 75 -86 -46 -17 84 98 29 -53 59 -12 -23 -36 100 98 3 9 -80 13 78 -6 -83 -39 23 -68 29 -67 -19 92 -31 12 -32 66 68 73 49 2 23 -59 66 -9 1 88 -46 24 78 68 -50 -68 37 -75 -9 17 -1 35 64 43 9 -69 15 35 -27 22 -65 -14 22 -86 34 -70 31 98 -62 34 -54 -75 15 68 5 -83 69 13 -55 -29 32 95 12 71 65 -57 42 27 54 68 94 -24 1 -70 -41 -47 -69 -54 83 38 -47 34 63 60 -88 94 48 4 -13 14 45 -45 29 -62 78 2 -13 -82 -85 40 -24 -6 -85 -70 19 -96 25 53 40 70 -65 -25 -37 -71 -8 61 49 -44 95 69 33 -59 -47 18 -13 63 16 -65 85 40 60 65 -63 22 -86 -94 25 79 -42 82 -76 10 -57 -93 97 30 -31 -90 57 -83 82 -71 -13 99 37 47 -74 81 -24 -48 -65 62 57 -33 -91 62 57 47 -33 45 58 34 99 -22 -13 -20 3 33 57 14 25 18 93 -53 37 -81 -60 -56 


1010
95 35 -12 -90 27 -38 -27 60 -71 73 -32 97 21 76 -67 -87 -46 -34 20 70 33 -8 7 -84 -49 97 -55 -69 48 -14 -75 -30 -59 26 86 -48 16 -19 -78 -90 -39 16 -87 -66 18 12 73 -38 26 44 -24 -96 -19 92 72 -58 -61 -68 -92 -15 -83 -10 47 -40 -57 63 -20 -68 -78 27 -45 70 24 -3 -69 -67 25 -2 -62 61 91 -39 59 84 45 39 -66 89 86 -49 58 8 100 25 -90 -47 80 -75 25 -52 -18 -49 -71 -51 -93 83 -27 47 -55 -20 35 -53 -94 -49 80 -53 -26 -97 -62 22 -50 -48 93 -55 63 19 -95 -84 -66 -86 51 -90 14 -62 18 -83 77 -13 30 70 7 -83 89 46 40 -17 -33 -90 -40 -35 11 -91 41 -84 -54 83 -59 35 56 -98 47 60 69 51 64 90 -24 -24 -4 79 -88 -84 52 -28 82 7 75 -66 -84 -20 -46 35 -43 88 82 95 90 -28 -60 -34 19 87 -60 -44 65 -17 85 69 58 -82 38 41 78 -26 21 -5 23 -23 1 -72 81 -87 -82 -57 18 -8 -88 -68 -49 -20 -84 66 -15 96 -2 -43 13 1 9 58 -87 -86 46 45 -39 47 -91 86 -96 -38 0 -28 46 -55 -6 56 66 -6 -60 10 -13 99 70 18 -96 89 -47 9 -30 -14 -83 -61 -13 81 17 53 -77 -5 -27 -20 -15 -38 -13 43 -93 0 27 27 -4 -82 -74 -5 -5 54 1 71 59 -46 -55 2 27 -98 -10 74 -10 -85 91 -45 -42 25 39 15 99 66 -53 -71 23 89 -96 82 -7 -54 98 -27 -68 -92 -13 -15 -81 -2 37 45 -83 -7 38 67 -39 19 -87 -20 1 -65 -51 18 -19 -70 90 28 -9 -59 95 91 91 -93 39 1 -90 -73 -63 -34 -96 38 16 -35 42 -42 95 28 -11 68 81 90 100 -13 14 -32 1 65 -3 68 85 82 -74 34 57 82 -29 -55 -83 74 54 20 88 -11 0 -92 54 -26 -65 -65 52 -76 -23 -81 43 -2 19 -13 49 -64 35 34 95 29 -46 -39 -88 55 87 -54 6 -80 34 -80 50 -6 -85 85 25 61 -17 -37 -68 -7 24 -44 -76 -13 10 65 21 48 -94 85 32 96 -66 -60 26 -94 70 -97 -28 -69 77 -47 98 -88 16 -22 8 -65 -64 -82 28 -67 -1 -72 71 46 49 1 -85 100 -54 97 12 65 -40 96 -15 -5 -58 75 -11 33 99 97 30 72 80 -47 42 47 -6 -25 -35 87 -95 83 40 83 83 -92 -71 61 -65 63 -94 95 -94 91 -97 76 -19 -87 67 77 41 23 -60 -82 55 7 -77 -54 26 -5 -87 38 -60 -32 -82 -55 37 28 50 20 -28 -88 63 67 69 -41 57 33 -32 -94 49 93 -84 1 56 -39 33 67 -90 -28 19 12 -58 -80 70 -3 -85 17 -55 -73 -72 -13 -58 70 9 -38 -84 -35 26 100 94 33 66 55 6 61 -60 39 59 11 -97 -87 -1 -16 -45 -62 77 62 50 97 73 52 85 36 61 -45 46 62 54 -2 -88 44 49 22 10 -21 -84 -45 11 26 -22 -7 74 -36 -40 82 -23 74 -86 -82 19 11 60 62 -6 -88 -16 -75 -37 -91 -26 -22 -20 -48 -93 1 -88 35 28 53 15 67 4 -74 68 -61 89 -40 22 58 90 100 -30 62 -44 57 -44 29 62 -3 -61 -43 -17 29 36 84 12 57 64 -83 54 -87 -41 -7 -89 13 -20 34 38 -54 -44 8 -21 -55 -35 63 -78 41 -21 -28 -43 -20 -48 -81 -46 -34 0 -98 33 -92 -4 12 68 50 38 -46 -28 -68 -85 -37 7 -62 94 66 -73 -81 -30 80 -83 -97 -9 -10 -1 -35 -42 -12 -23 76 8 33 1 37 43 8 52 80 68 65 44 -79 34 80 96 -86 -39 26 51 -56 71 -29 -39 66 35 -45 52 -6 10 -68 -35 -27 20 100 -47 -19 -14 14 -78 8 45 -56 45 97 54 -77 51 -68 -45 -97 6 -44 49 48 44 -28 34 -25 93 77 90 96 60 95 -22 -33 55 66 -45 21 -33 8 -68 -39 -55 19 -10 -69 -4 33 -54 77 -10 60 54 -11 -69 59 -26 21 -43 -69 -81 18 -16 23 -53 24 17 80 -80 69 89 10 21 45 -55 61 34 -43 76 -47 -95 -35 -56 95 83 60 49 -36 94 87 -6 30 -32 -16 84 76 65 70 -12 -14 -74 -48 -92 -23 64 83 4 -59 87 -1 -59 43 -42 5 82 -97 87 3 -56 -36 18 -61 99 15 4 -22 -15 70 23 22 -76 45 74 -70 -53 14 -45 85 -4 -64 -93 99 -8 -52 60 91 -36 32 -64 77 -56 -41 42 -3 -19 100 74 78 -19 -68 -13 -80 -52 55 -60 60 23 -86 -98 1 59 13 -24 36 -84 -4 -52 23 33 11 68 31 94 -55 21 51 -88 11 71 46 -54 58 75 36 41 18 54 21 34 39 -71 -25 -34 -14 -67 -1 -71 -69 20 7 56 -29 -27 -61 29 33 96 59 6 24 44 3 -61 -30 -89 -49 83 -53 -3 -77 -75 47 -27 9 -62 -75 27 34 -69 -40 -98 41 10 -34 98 -22 -69 37 53 32 89 29 


910
-76 -33 -4 -59 -37 26 72 91 77 -41 33 8 9 -31 -78 -86 48 -79 -98 -61 -75 2 -80 -18 38 75 73 19 40 24 77 79 91 38 100 64 -41 -16 -34 -56 -47 82 -78 -67 -56 7 -68 -65 -37 -94 -84 53 96 2 -20 14 -48 -92 -70 -44 17 6 68 44 77 -23 51 -82 81 34 -67 62 8 89 44 -36 -56 90 -16 -68 53 79 -89 -45 73 42 81 -46 11 29 62 1 51 -75 -43 1 66 -58 41 25 65 3 1 -73 76 -22 -64 19 84 -34 81 -59 -43 -84 -12 5 45 43 -76 50 7 32 74 -42 -70 -18 93 39 38 23 -28 -71 -54 4 71 79 99 31 39 -59 56 91 93 89 52 -20 -10 -10 -28 76 -11 -31 -3 -38 92 84 31 67 71 -30 19 -45 -26 2 28 65 -73 48 100 -33 34 31 50 11 -46 -19 -26 78 -17 -25 98 93 38 24 -51 -2 12 -78 25 -32 -93 38 -57 11 -31 -97 80 98 22 97 87 15 -42 -79 55 0 49 69 79 26 57 98 -66 67 86 67 19 -22 86 8 1 -56 -59 -95 -83 -45 -86 -66 -83 -98 3 98 -19 -61 -5 43 -8 -24 85 1 24 86 61 -19 41 17 44 -89 -86 52 47 -59 91 50 17 31 -7 35 -87 66 72 82 62 72 41 23 -83 -67 39 -20 -92 -96 -34 -32 20 -75 3 -45 -10 -36 -89 93 42 -43 -41 14 -26 -12 96 -6 13 95 18 -38 59 -16 -5 -54 81 28 14 14 -32 -89 1 -57 -98 29 56 -75 -5 -36 -78 -60 39 -20 -87 -28 -3 -3 56 77 -21 13 -16 86 3 -90 27 -35 56 67 60 78 -38 -62 -55 32 -57 89 88 -10 -29 2 -54 27 19 -66 10 99 12 76 -54 42 31 -90 -79 81 -18 -92 -92 26 48 -89 -46 7 37 -79 59 -7 64 21 65 -36 -68 91 -31 76 -78 -71 -3 4 -64 -50 37 -81 -27 -80 1 40 -18 13 83 -66 -49 14 0 72 95 91 12 63 36 6 -39 -91 -21 47 13 -7 40 15 -84 77 -91 3 64 -63 -63 93 -22 55 -29 83 -16 -87 -34 -36 -60 33 -2 -91 34 85 78 39 51 -63 75 68 80 -9 -29 -83 22 2 43 -89 -16 -32 -98 -42 -7 74 59 -88 7 99 95 14 85 -29 3 67 67 11 -39 68 -45 -54 -26 98 32 -83 35 59 92 80 80 19 -24 57 -11 -5 100 -24 34 6 11 57 69 -40 10 24 13 -79 62 -31 100 21 97 -18 -98 -61 55 16 86 -27 28 -55 -80 -78 -98 79 -63 3 -56 22 -93 81 68 -74 49 75 -23 54 -38 -14 92 55 -70 79 90 96 59 9 48 70 31 -70 -8 -1 15 13 -71 66 -96 38 -24 -88 39 -51 8 47 -73 -74 6 45 -4 -1 75 34 27 -3 25 36 55 95 27 -67 2 -77 -68 -64 58 42 -86 64 -44 67 100 78 72 -39 -69 81 -69 -31 10 -69 -48 -56 53 9 52 -77 22 45 -56 1 28 12 51 -24 -23 12 -73 -5 -7 72 -14 -25 88 47 -86 -11 -45 -3 -12 10 -38 58 61 -11 -75 36 -81 -95 49 9 83 -85 32 51 -73 -3 -68 59 47 64 -78 3 -70 -5 -16 8 -96 -56 46 60 -89 28 -86 -79 77 17 -86 88 8 40 -93 67 66 98 -72 -21 -23 61 -87 -36 36 22 -31 23 91 -10 35 25 26 -41 -25 76 -44 86 26 -94 -18 1 36 -17 -94 3 91 4 -57 -27 -36 11 -95 17 79 66 -90 -34 45 10 -33 -27 34 75 -15 -54 -29 -94 -65 -66 -77 11 29 81 -61 71 34 -32 -91 25 -61 -54 -87 -49 44 49 -52 -75 -9 -80 -13 -97 50 -96 -54 -86 -28 -95 84 -42 -61 -72 -84 87 93 -87 -19 -98 -56 30 2 51 -59 75 45 95 96 -16 -78 53 71 49 19 -65 32 40 63 10 -39 -53 60 -98 -23 -87 -33 63 -48 74 80 8 56 -67 68 -15 57 31 40 44 -1 -28 -3 -91 -4 -73 -88 79 -53 -24 -31 -34 -40 64 18 -87 93 47 0 -29 -20 -64 -28 21 -95 81 97 -45 99 83 -87 16 97 79 27 81 -25 -52 -69 -50 -83 44 93 79 -8 -76 -32 -20 91 98 -6 -30 -14 84 41 -76 -66 -79 40 42 24 -41 -59 49 60 -7 -58 -16 98 26 26 -47 -63 -64 -49 65 71 1 -31 -89 -94 -76 60 -22 21 -87 -66 67 5 98 98 -55 83 -37 -37 59 -92 -40 3 -17 -34 -43 -65 83 23 -10 72 76 35 -81 90 -6 95 -67 14 -47 


1810
-13 10 10 -29 7 3 -29 32 91 98 -43 29 66 76 15 13 -43 -39 53 14 19 -65 -88 -62 85 39 -47 2 7 -24 95 -61 89 45 -69 7 35 -95 -76 -65 85 -86 -66 73 60 55 -39 -12 -22 -40 68 97 -22 27 52 -37 4 -49 70 69 -44 -29 -54 20 -67 24 -7 58 24 27 -61 62 -31 34 -49 44 96 25 -7 -24 20 -80 21 16 61 -4 -21 69 -43 86 36 32 -52 83 -89 60 -51 -80 -59 -82 67 4 9 52 -49 87 44 90 -75 79 -56 -35 57 90 -74 -92 -15 -3 56 50 11 88 88 -91 96 30 -24 59 96 -73 46 -64 67 -86 -26 61 65 -9 -76 -69 55 -86 -74 -10 -42 45 -41 -69 85 -40 49 63 -24 14 85 -36 78 -71 79 41 27 7 36 70 -14 -21 -42 -23 89 -56 6 64 -64 8 4 -68 40 -73 52 39 83 -21 24 -1 -24 7 67 71 -96 54 46 83 32 -29 15 -76 54 -68 1 -34 -52 -58 -89 -30 -29 -9 -27 79 -19 60 -44 -37 42 -94 -46 -16 -98 23 -56 -8 -30 -41 -3 -10 -75 -84 56 58 -36 4 28 63 4 34 -46 19 -47 -20 91 -86 -10 97 89 -24 -8 -29 -36 72 -16 38 -32 -91 74 -18 -56 36 -47 24 46 88 -4 53 100 -95 -69 47 -46 53 -74 12 -76 100 88 96 57 8 -49 14 96 -76 -1 -43 84 -5 0 -45 16 -45 77 50 -51 -68 84 -59 41 74 100 -81 -34 -45 -10 5 31 -29 9 56 -81 10 50 -78 -6 -96 92 51 51 20 -41 -72 43 -88 -81 18 65 -49 44 89 32 50 54 7 46 59 -76 74 36 -15 -13 18 -40 38 -68 81 41 14 -4 80 -57 -51 9 -62 -85 56 -28 -32 -85 -29 76 80 96 -28 13 70 61 3 9 -39 35 6 -64 15 30 -48 59 17 47 90 50 -6 -47 -38 92 1 13 21 38 -47 69 27 -52 -92 -75 -35 6 -2 -79 7 -55 12 16 3 71 -90 60 -83 81 77 27 -2 -77 -26 -42 3 73 46 100 -43 71 4 85 0 -67 -5 3 75 79 -91 -52 -79 26 10 -15 -21 -87 44 -57 4 -19 28 100 -52 98 -77 20 -11 -41 50 -10 -35 50 -48 55 72 25 -14 -12 33 -96 38 13 55 1 44 28 -32 28 -50 6 -7 42 54 66 87 93 -19 1 87 -80 -7 -63 56 -4 91 13 -35 -45 96 7 -47 38 53 9 72 -82 -30 88 89 81 -40 -30 -60 92 60 45 99 70 94 -26 -94 83 71 -86 -76 -89 83 81 45 -40 39 89 45 -98 -38 74 -59 -28 -14 85 -17 -21 28 -76 34 4 -27 -36 39 -82 -57 91 -90 -87 1 28 95 37 62 -28 29 66 -55 20 -91 -57 51 56 -30 -2 -18 -58 -42 -76 73 42 50 -90 29 96 -32 -37 55 -98 -77 96 45 17 -50 -95 17 13 36 59 79 13 -45 15 -78 56 -13 96 -80 -98 96 58 -88 35 16 54 -46 19 -98 56 -72 -77 -75 80 -35 -66 -38 -68 51 -30 35 78 12 -89 -79 12 49 -87 -19 -70 -90 -43 95 52 -3 -51 -56 -71 -16 -93 -63 -72 25 -32 -53 37 -23 11 -65 72 -50 77 -70 -27 -50 -96 -80 46 89 23 11 86 89 -81 42 -68 100 -6 -46 -12 -26 -55 -76 13 66 -89 100 44 3 96 -27 71 57 15 13 70 -5 94 -52 -64 84 -36 -93 -40 -27 87 20 6 -68 61 44 -21 -43 -54 -32 45 39 -55 -46 28 -55 -16 99 52 -18 3 -39 9 -4 -53 -19 67 67 -33 3 90 52 80 -95 -98 59 -89 -86 0 -19 -94 13 59 35 56 20 -31 14 -56 4 -12 11 7 88 64 60 -40 88 -91 20 65 -76 68 15 -32 58 -8 100 26 -65 -28 -23 25 -45 90 -61 -63 82 88 58 -13 -18 -7 53 17 -1 -79 93 98 -8 44 -75 24 -82 27 -87 -35 -68 46 -34 79 25 8 76 -78 49 62 13 71 -22 -33 86 100 -5 1 15 -2 -82 -45 -83 83 23 -95 90 -94 30 4 -96 29 17 67 -61 45 50 15 -72 80 -11 -77 -93 -16 -80 36 45 80 6 -9 52 52 -12 0 29 -4 19 -81 -87 -80 79 -47 -80 99 67 -47 -91 36 19 -80 7 -55 -55 62 100 -28 -40 3 35 -30 12 -36 68 -64 -24 -69 68 -24 67 -12 60 29 -73 -66 30 18 4 -47 91 12 -17 -26 7 31 -7 -79 37 79 6 62 -66 58 65 98 -13 1 33 -23 -60 55 58 -85 2 -3 -76 44 -79 11 97 77 -98 21 -24 14 63 71 -45 94 -94 94 -59 91 77 -67 93 91 33 57 -2 56 -85 -83 28 -78 31 26 69 50 59 48 29 -89 16 -54 96 58 10 60 -3 -67 -85 -76 43 17 -6 -27 37 38 -41 58 18 -2 -6 92 0 59 80 -55 -73 -98 -35 -17 -66 35 -17 64 -36 91 64 -32 94 -94 33 -57 -38 -50 27 -84 -90 0 48 73 -41 58 64 -35 -12 -34 -66 -79 72 -66 1 95 31 99 38 -71 75 93 62 -75 -76 -43 11 10 21 -54 -80 -35 98 -33 68 21 60 -22 51 -93 90 5 -89 -96 24 -67 29 -98 -19 -91 19 -94 47 -94 -20 58 6 71 -41 -20 5 -4 -69 -95 -13 37 -6 -4 36 -26 -75 -92 34 80 69 -55 8 -42 40 -37 86 -6 56 -89 78 85 14 -26 -35 79 7 -1 28 65 -38 62 -18 -91 22 16 51 -40 39 -9 -30 -90 -32 56 51 -37 43 -33 62 88 65 -6 77 -53 -88 55 -53 -21 -92 77 11 -7 56 -79 72 0 48 -86 37 -86 11 -34 -24 -51 -1 81 33 96 24 -90 -31 90 -70 -4 99 54 -82 91 -86 41 -43 85 57 -97 31 16 47 16 -71 40 -77 -6 -22 15 -33 -57 75 -93 -12 -28 -91 -64 -66 -54 -89 -96 -50 -48 -80 37 -15 -54 -48 85 -83 -44 -96 -47 -35 67 -32 79 -5 25 -81 -6 -97 91 66 51 -5 13 38 -64 82 80 49 79 92 -54 -17 12 -3 -34 -85 51 66 78 72 -41 -17 40 86 22 71 -9 -84 57 6 -42 13 43 71 30 -95 42 11 -68 95 -59 -94 -69 -45 16 100 -4 -77 -41 -15 71 -79 -45 84 0 32 74 71 59 7 -86 29 -28 -61 25 86 -14 -26 -2 -6 -14 -53 40 19 -41 -1 1 -28 1 3 99 -42 -19 -75 -21 -74 -35 -25 56 -83 -70 9 -10 55 -12 -46 28 -10 -21 38 40 36 64 -9 92 1 4 37 -2 44 -75 81 -43 98 5 -87 -51 87 77 -6 -69 -81 -8 1 -87 -54 42 88 37 -28 23 47 88 83 69 -88 82 35 -33 -49 8 4 38 -21 88 51 50 -62 1 -92 -73 -27 72 -10 -75 76 -26 20 76 80 14 -28 33 -93 -4 -79 -73 -2 53 59 3 -31 13 -22 73 -19 20 88 -98 0 -11 -86 -28 29 -27 -2 -96 79 87 88 95 -40 -75 -93 -54 -73 -27 -80 -73 -16 69 31 -18 81 -37 -34 53 81 82 -41 -82 15 55 -11 26 92 -62 76 11 -35 80 79 32 -38 93 82 44 90 17 -85 75 75 -5 -24 -53 17 -53 -80 -96 97 65 -72 -42 -33 -4 -59 63 -56 12 91 10 -25 -97 65 30 -24 -9 -2 1 -94 39 -45 -35 -37 -27 33 18 8 -42 64 80 75 9 80 -8 79 -28 9 26 48 62 1 -97 -5 50 -69 -83 -28 30 58 12 1 -84 30 69 22 13 -92 79 74 -40 93 88 10 -4 50 58 -8 -73 48 -80 65 48 0 100 91 31 63 45 -36 65 -17 80 -24 30 -51 61 53 90 31 -47 -13 65 -63 92 -5 -94 -17 -48 -39 -4 -20 -45 -95 -58 10 23 70 -15 -33 -4 49 51 -82 89 -44 -89 51 -21 79 -35 87 -95 -82 -16 97 -44 60 40 -5 28 38 0 -53 21 -47 -63 94 -21 -87 -30 91 -47 -9 69 -61 43 -47 -44 -38 -80 60 -47 51 1 84 84 48 -56 -74 9 -48 -53 15 27 60 -55 -37 19 65 -38 74 57 -15 1 61 -19 -48 -61 -74 14 -54 78 44 -4 98 -93 99 -29 -32 78 79 -93 -66 -73 -69 -27 60 -52 -71 -25 92 -29 71 14 -85 42 -43 -84 -90 48 13 67 -81 4 60 -98 15 27 -64 -41 -49 -46 13 -37 -96 -47 -16 73 31 28 39 -70 -87 3 -1 -47 -54 36 -31 32 -80 -84 70 -59 -20 -33 -16 79 -47 27 -34 57 -46 87 -65 -98 59 -49 57 -36 33 47 -37 26 -52 12 -17 22 28 -94 -39 75 98 13 -32 -34 -54 31 17 72 17 13 -75 24 52 68 -50 18 -53 -45 -65 -86 75 96 63 9 38 -96 -71 -5 91 17 -97 -46 -68 -12 14 49 21 -98 -64 -88 -63 48 -39 -74 11 9 24 49 71 12 -10 72 -82 74 -12 26 37 -15 47 66 -84 47 -59 -32 -71 -90 96 -1 0 -64 -28 -59 48 80 64 1 -19 84 91 -36 -43 -73 8 -82 68 -63 -10 -94 -2 78 100 74 100 15 26 -95 71 -97 -88 55 98 74 22 


1110
34 4 -22 -8 2 -56 97 76 -41 -78 -72 1 1 -54 -81 1 -13 14 3 -24 -67 -85 -65 35 -56 -77 -79 -79 -37 -82 -40 -8 -48 -75 93 -95 88 -27 -88 79 19 -47 52 46 -79 97 -21 96 -17 -17 74 56 15 -41 -64 57 -76 14 -64 21 -1 -73 -3 88 46 100 59 54 -47 -31 59 -75 -69 -3 66 56 64 72 35 1 -9 -22 22 -2 -74 -39 0 -96 14 98 -28 59 10 87 -97 -78 0 34 -6 -40 -29 -46 57 -75 76 -4 1 58 28 -52 72 -87 63 14 93 -57 26 13 -51 -55 35 -15 87 7 94 -16 34 83 83 -87 -48 72 -60 -64 -17 -37 -90 27 60 53 97 -28 -27 10 32 -25 -15 -86 -83 79 -11 82 -58 2 -90 -96 7 -81 33 44 -66 -61 -66 -2 56 -95 -63 3 -63 89 23 34 -75 -38 54 -72 -55 -12 -71 -73 87 40 61 10 89 70 89 47 -9 10 -34 23 -87 -65 70 14 7 67 -61 98 54 -67 -24 -72 62 72 15 32 94 15 -24 -23 -20 47 26 55 74 -18 -68 -48 -58 -45 -97 68 26 61 77 -97 -91 19 1 -93 -2 24 22 -26 -89 31 -91 -87 -14 -12 54 88 -91 100 -12 -49 -82 -30 12 -89 85 -57 -97 75 12 58 -57 33 45 46 16 54 5 61 41 -3 -22 -6 -85 99 -76 -14 55 -32 20 20 59 -16 -35 -40 -4 66 -1 93 91 -87 94 -50 74 46 8 -88 -57 83 3 -71 70 59 33 39 -43 -98 -18 8 -74 82 -74 5 68 -16 -1 30 28 92 44 77 47 -39 -66 57 58 -12 -42 -11 -33 -41 58 30 -72 32 79 80 31 -45 30 90 -76 -67 12 41 -36 5 66 29 -69 100 62 -58 60 -73 -80 33 -63 31 -62 22 -24 -38 -10 58 6 -9 69 -2 30 77 -46 86 -73 -75 -30 -93 11 10 60 -88 -39 -68 88 73 -67 56 -67 -88 69 -5 -30 -75 38 -98 59 -98 -97 5 -57 -64 5 44 -29 97 65 12 -22 -86 -47 -83 -37 9 -66 -65 -36 28 -96 95 -6 26 -55 5 24 -21 -88 99 78 -43 -2 -66 -92 -36 72 86 -48 10 -25 -55 -90 50 32 -60 2 71 -57 73 13 -87 19 -86 -61 -50 33 -63 73 83 50 59 -23 31 22 42 -94 76 63 -56 -59 29 58 -47 57 -1 18 -92 37 -72 -73 -52 28 4 24 15 -80 60 54 52 -20 69 -5 -24 80 -86 -33 -80 -5 85 -25 -63 -71 6 -35 7 22 -45 21 44 -75 -66 55 -88 83 70 54 72 -96 99 22 -71 99 73 -26 23 68 -17 13 29 -17 -50 94 -23 37 46 -57 66 -5 64 -30 -30 41 -83 -25 11 94 -64 -62 -2 -20 96 27 -22 52 72 1 27 -98 16 -37 -3 6 85 -81 -10 -27 -34 75 45 -15 -22 -97 23 -63 -5 99 -33 62 -22 -60 -40 86 95 9 49 -72 24 -24 -58 -34 -86 13 -82 -24 72 55 -12 37 -74 -8 -11 -37 46 14 -65 33 100 -61 25 -68 -23 -71 -96 6 24 86 -39 -78 39 -89 -98 -50 90 -86 21 86 -16 95 -63 -31 -20 -12 -54 77 -28 22 -64 14 -45 -62 -27 -80 -62 67 -67 -9 -62 32 42 -60 45 33 -68 -75 -96 63 -23 -44 -44 68 -21 -40 79 49 9 83 -90 18 3 58 -78 -23 -10 -48 -87 38 -64 15 73 2 -48 68 84 3 14 -16 -34 54 -48 46 -90 21 -88 67 30 62 -22 30 -35 -44 -9 36 -13 -20 -54 39 -94 -56 -83 85 -31 -30 -7 27 -12 6 57 -69 -75 -95 70 -77 48 55 57 -98 -77 -80 -3 -34 -46 0 73 33 85 -13 91 100 1 17 -4 -96 4 -77 -39 -48 46 -22 -4 -43 80 -75 76 84 51 -14 57 -76 -13 23 69 -5 -23 95 -55 -12 -3 13 1 -63 -31 -87 -23 88 96 45 96 65 -38 -29 53 -96 17 -23 4 21 -22 38 -46 91 -70 47 87 63 -18 -18 79 68 75 75 -46 50 39 65 55 1 39 -86 97 -18 5 78 74 44 -46 61 15 -29 71 -66 100 45 4 69 75 6 0 -87 -37 -60 -42 77 -80 -54 83 -15 -57 36 -10 -78 -22 -74 100 1 -60 74 -44 17 80 -34 48 7 100 64 -80 18 -35 94 -20 62 22 49 -8 -42 -32 97 46 69 82 -4 75 7 -68 -42 -67 53 24 33 -32 14 23 -12 -94 1 -51 -16 59 40 -92 -24 12 -50 27 27 -21 -48 84 -41 91 -28 -52 9 9 7 -76 -86 36 -34 -82 79 88 -12 48 89 -32 84 81 -63 -3 -63 45 -24 61 18 -68 18 -81 25 32 74 66 -53 -19 -57 5 3 76 -50 14 5 86 -88 32 -69 48 35 0 3 -85 44 -4 -74 -8 -61 -97 -2 87 57 -2 -7 -57 -22 99 52 46 -53 11 -65 8 33 -92 -91 55 94 39 21 -92 -8 88 59 91 -73 65 -96 -56 23 80 75 27 60 20 -58 96 -41 6 -8 -71 42 -53 -50 3 -8 -50 21 65 97 68 10 -40 89 65 -28 33 -33 -69 13 75 80 72 -3 -87 64 -76 56 59 30 16 72 -33 85 -11 96 -65 43 -78 26 42 97 91 76 -98 96 -86 18 34 42 -88 51 63 -84 -55 56 -55 20 14 20 -43 0 -10 -56 74 33 50 -55 -64 -10 -89 27 62 -67 100 -32 25 -5 29 -36 -27 38 80 -25 73 -41 73 39 100 64 -38 96 1 -55 -52 76 56 -15 -7 -69 8 -44 -5 92 -45 -71 36 -50 88 79 44 54 -40 79 41 -32 -76 -39 -1 


310
-27 30 37 -21 37 -24 -51 -75 16 -55 29 78 6 -65 97 30 70 -47 -58 -35 -33 -91 -79 18 -54 -56 -9 -65 21 14 -36 -45 99 -65 -6 47 -6 -96 -27 30 -51 -81 20 53 82 -9 35 75 89 -2 15 -91 28 32 -55 52 66 -44 30 66 -28 -26 -38 -87 52 -6 -61 -58 2 -42 -39 -98 93 97 -68 12 9 -97 -87 -43 36 92 -91 43 -38 48 13 66 -62 -6 -86 79 63 -14 74 44 89 91 61 -81 -22 87 57 59 -14 -11 20 57 7 0 -68 -27 34 5 46 31 3 26 8 62 53 -76 53 92 95 5 -40 -90 -91 95 14 -49 96 -29 -89 -2 -81 27 29 67 -43 69 75 -64 -90 -82 -45 -49 29 93 -48 -21 53 -76 6 -13 -84 3 70 62 -94 88 -48 16 60 32 81 -3 8 81 1 -41 41 -36 -16 -6 -66 19 -45 13 18 96 -65 82 69 79 -44 -69 -10 70 -60 -66 14 18 -80 -80 71 62 -8 -90 54 -39 -26 -61 -63 23 -27 27 72 -18 -48 12 19 0 100 -87 87 -64 -87 -30 -68 82 4 -38 83 54 -67 -32 2 -44 -44 -3 -96 -80 -17 29 1 -61 55 -10 27 -41 -39 -90 27 56 76 14 81 77 99 -53 35 36 70 -87 -82 -73 -21 75 -5 -85 -4 70 -35 68 29 20 -49 -37 92 34 -40 -60 91 -11 -57 -22 3 4 0 -64 61 -13 67 -69 15 -46 -50 49 72 -87 -94 42 -22 -27 16 43 66 -35 -67 88 21 -79 -5 -1 52 -86 -7 17 


510
-4 76 1 83 -56 2 34 -31 -16 11 19 93 -10 30 -32 -59 100 -83 55 19 -85 -43 94 -43 -79 -33 61 -21 36 46 -86 -50 -84 31 -17 -68 -61 8 -33 -19 48 -51 57 -54 -8 -20 65 4 89 6 28 70 57 -43 15 -39 97 35 -52 98 -76 -74 22 83 4 66 7 5 -12 -4 22 30 -39 -21 88 -9 21 93 -40 43 4 -65 7 -40 -83 78 33 -92 43 -18 25 0 95 25 30 -12 1 -96 1 28 -61 9 16 -25 -62 98 -44 63 63 21 -79 -76 10 -7 89 97 -46 -81 26 -65 47 -23 -96 30 94 95 16 -31 -26 22 -56 -94 -45 80 16 -34 2 -3 -45 26 99 29 79 93 -52 55 -51 -51 -39 48 89 -35 85 -36 17 -55 -29 1 -3 85 61 -88 45 -78 53 31 42 -56 -88 -22 -55 7 82 93 18 21 -62 77 -93 5 -42 77 30 66 50 -25 7 78 83 -78 -34 -90 20 66 86 -2 17 26 30 -45 44 47 -92 -53 -41 73 96 -74 -55 -66 -93 0 -15 -56 46 -66 85 -11 74 0 -71 14 33 64 -76 -29 -83 73 59 14 1 9 -30 87 -23 -69 62 78 -95 -26 -26 67 81 74 4 -30 12 71 83 30 80 91 73 -3 100 -23 -88 19 63 10 -82 -52 86 64 -72 71 -64 8 -73 67 -45 -23 -23 97 34 -33 -68 -16 -54 -83 18 32 65 20 -73 -34 30 -79 -94 -43 -21 -85 -9 -60 41 14 -1 -41 -15 1 94 16 32 -63 -42 -31 -47 -14 58 88 -20 -74 -18 91 -53 -79 56 75 -59 -24 48 38 21 92 8 -64 35 81 -36 -29 -29 -33 -54 50 -13 -64 -63 64 6 66 -95 31 71 -84 96 -19 24 54 -1 -37 16 -65 55 84 61 33 -29 15 -48 68 -77 -78 71 12 8 -9 -42 -93 -19 32 34 47 97 -48 -11 -12 -4 -94 -29 64 -90 63 -34 -94 -70 45 96 -65 49 36 92 63 -8 -83 89 -48 -12 25 51 1 23 -90 -10 41 -86 69 -41 -67 27 67 -51 -20 79 -61 43 -51 35 39 -31 -95 -47 -43 -10 3 -66 -20 86 84 27 -1 -15 -80 3 -50 -34 -45 81 92 70 49 86 0 12 -18 73 7 43 -61 68 30 24 -45 67 -68 79 75 -2 -86 44 -96 9 2 41 56 42 37 -84 -8 -2 -37 -21 -95 -21 -56 18 2 65 -78 -24 -67 -42 -98 73 -56 -22 -90 11 -13 50 -23 -95 -95 78 65 -1 90 3 -15 58 -94 -68 51 -9 77 66 34 98 -27 -93 80 


1410
82 -51 48 -70 -82 -22 50 82 53 -2 -51 -36 1 44 60 -71 64 8 63 78 -96 -17 -77 -46 -65 -14 8 93 23 73 -92 78 -54 7 33 84 -25 52 1 16 87 -93 -16 -82 57 -74 -30 -95 -79 -48 -46 -45 24 75 -24 -54 -13 67 42 49 -53 -79 79 -65 -89 24 42 19 -97 -89 80 66 -19 46 20 62 23 35 -76 87 35 2 95 -58 -97 62 66 19 33 -63 36 -30 71 -5 90 35 -18 -42 -92 -95 -19 94 65 -21 -67 -10 -53 71 30 -16 -79 17 -80 -96 11 -93 -33 -18 100 -20 -49 91 17 -29 -95 73 37 15 22 -93 22 -20 96 56 -73 32 -21 97 -2 -93 95 -33 -12 43 63 57 88 -80 -59 -71 -36 68 91 -73 50 89 40 83 -80 53 61 54 -42 -81 -75 61 -16 -17 -23 26 -28 35 48 -46 -57 35 65 79 70 1 -54 -60 50 -39 -18 -29 -26 30 92 87 36 -45 -83 12 59 83 34 41 -17 62 -67 33 77 38 -5 36 54 19 28 17 -79 -44 -78 -76 -13 78 -89 -53 20 -60 26 -21 60 -79 91 45 19 42 21 -42 48 88 98 76 -76 40 39 59 -48 -32 72 69 30 63 14 61 -32 62 2 -59 81 -76 68 10 65 49 94 45 56 -31 -7 3 100 74 -70 94 -73 -87 -91 -60 51 36 -3 21 -42 -13 52 -65 -84 97 -5 -77 -14 -51 24 52 -41 -67 -20 57 55 74 -49 1 -42 78 68 -6 2 85 67 40 10 -27 -82 -39 95 15 -70 73 0 67 -71 56 -9 -41 -52 70 -72 36 -90 -70 51 -69 -47 3 -35 14 -74 -86 0 13 11 -3 -60 -4 44 11 -78 89 -35 -64 1 -6 -19 -19 -6 24 -94 -28 50 98 -64 66 -22 -10 25 -21 88 -71 -8 24 40 -70 93 -15 -57 6 78 1 -68 -85 60 -20 -42 5 81 56 -56 -55 44 -52 -50 56 26 -97 78 -97 50 -61 20 68 -28 24 -93 78 59 -19 37 49 -86 62 -23 -34 100 -95 49 -59 -41 -21 33 13 5 -11 -69 21 35 -78 -28 -52 -6 0 5 -55 -72 -36 -29 -98 -9 -78 17 43 -30 94 -19 48 37 -66 -77 28 -36 -67 -20 -50 -33 -22 19 25 -72 68 11 -46 40 -6 100 18 8 -38 -22 85 -29 -68 -64 -43 -47 -80 50 20 67 -20 -80 -5 19 -56 96 82 -9 -24 25 -82 74 71 41 1 29 62 80 10 71 -51 -72 33 18 87 4 94 -25 -90 -87 -61 -32 67 58 -46 20 -69 -73 28 -54 3 63 95 14 -83 52 -15 -13 62 -63 46 -21 -11 26 96 89 8 -65 -76 39 10 61 41 -65 -26 56 -23 27 -1 -97 33 78 -57 63 -2 -59 -81 29 17 -80 -24 99 84 77 44 43 39 -40 -94 8 6 40 4 -41 -96 45 43 39 -84 75 34 21 -51 33 14 -35 45 -58 60 71 -38 -1 -16 -1 2 23 51 -3 12 -26 -93 62 -62 -68 -22 25 -97 96 -4 91 1 -79 -94 -78 -94 -63 -3 43 66 -7 -54 -28 -36 29 20 83 -25 -37 -87 8 -15 -77 65 49 -92 17 4 85 55 -31 -54 -38 -54 47 2 -62 23 63 -81 -25 -27 -21 99 38 -14 32 66 66 35 -83 -92 65 2 -9 19 69 -17 54 95 14 94 -80 -16 39 50 -89 -12 -7 -39 -68 -18 16 -82 30 -96 -46 -58 -30 35 21 -53 -1 59 71 -31 -55 52 -77 -42 35 -31 88 96 -23 -28 -81 -37 48 -45 72 74 -41 1 54 94 -44 -10 59 -42 66 63 73 62 87 18 -72 28 32 8 78 -57 3 -65 -30 -88 -19 -48 88 56 -1 -28 -21 30 -86 96 2 7 36 -47 55 20 21 -61 63 52 -78 61 71 54 -2 -45 54 70 43 -29 20 22 51 21 -17 19 -88 -42 -14 70 -97 59 38 -86 -9 -35 68 -56 -31 -32 -12 33 -72 95 72 59 21 50 7 -67 28 -9 -12 -53 -40 -62 -56 66 -93 86 59 33 -45 -24 56 20 -69 85 51 80 -20 60 66 66 -79 -39 -41 44 16 -73 -24 90 -13 75 54 34 74 21 -1 -79 53 35 2 11 60 15 -98 -29 -27 52 71 -55 -91 5 -74 62 26 2 28 -57 -70 4 -76 27 43 -71 -96 -86 -5 -48 -67 -64 81 -22 87 81 -41 64 64 -35 -13 -12 -42 -39 32 -16 83 -79 20 1 -23 -36 -87 29 -13 -17 -31 71 -22 -28 53 -21 89 39 -11 95 33 -63 54 92 -92 -33 -9 -93 70 -70 77 -63 43 67 55 45 12 97 15 28 -7 -52 -57 -54 -21 -53 9 -96 -7 -1 3 82 -43 73 -1 3 81 -5 80 8 -32 -69 -46 -26 32 -11 76 -85 88 -32 51 31 77 72 -73 -26 -33 -42 86 -47 63 42 -16 -62 77 -26 -12 49 5 -18 -1 44 3 -71 79 -37 39 98 74 -31 29 -1 -10 81 21 30 -18 -70 89 23 12 -65 -96 92 -41 -35 -33 -73 25 35 -24 83 10 11 93 66 28 48 0 46 -91 -36 99 67 30 7 -62 -65 -16 -84 91 74 -98 24 -45 -72 -10 -48 6 -34 30 -10 89 -63 -81 37 72 23 -60 53 -45 1 25 -4 -45 78 -87 -17 3 71 -72 -22 -33 -22 44 -10 24 -85 -9 30 94 -19 -34 84 53 79 -84 63 25 94 -36 -67 46 60 -12 61 -98 1 22 47 96 -16 43 54 -95 -51 -56 40 27 51 -5 93 -54 -19 -97 -2 98 -54 -63 -14 51 -19 -52 96 -55 30 89 -38 38 -85 12 34 41 29 -63 -56 99 58 1 -61 -70 67 -51 -33 -93 77 64 75 -15 -75 -16 72 -64 24 36 83 -16 -37 89 98 -56 36 23 -75 61 43 28 38 19 82 -20 -19 -87 -20 15 37 99 47 -84 48 53 40 -90 -21 6 37 -49 61 88 31 10 -73 -36 64 39 -48 21 84 5 -11 16 57 -78 -36 96 84 -45 93 40 -39 -3 30 2 95 51 -76 -18 50 -85 46 39 -65 61 -90 44 71 -59 -17 10 92 -48 -45 98 59 -85 -89 -54 -35 -14 -52 -69 -48 81 38 -6 -67 -41 32 43 -64 -79 70 28 22 -67 19 19 -40 -34 -57 -95 -86 -35 29 -56 -51 -69 -65 17 -15 38 -11 99 15 54 -40 -61 -44 65 57 91 -39 52 17 -92 92 -40 46 -26 -6 64 66 1 -77 90 89 0 -16 80 42 11 45 86 -49 76 94 49 -95 -46 91 -30 -47 32 43 72 -82 -27 85 8 -78 -48 -83 -60 -83 -89 89 43 -79 60 82 -5 -70 55 20 7 1 -72 29 41 3 22 -49 -70 -15 15 -27 -91 54 5 30 -41 -72 81 -8 -26 43 -83 -21 -88 -71 4 -55 99 98 12 -60 5 -4 -47 79 -85 -47 29 -20 1 52 43 0 88 -90 -45 70 -6 99 1 -28 -10 -50 53 -33 2 79 -58 -38 -14 -9 30 -38 -62 -65 -36 -83 93 -67 -96 88 -14 -96 -62 82 40 -78 -23 -63 78 -76 6 45 -79 -70 82 -1 -97 -35 -36 -8 -37 -81 41 73 85 -24 -94 5 -51 85 71 45 -30 79 


2710
88 77 1 87 -38 -20 -20 61 -5 -55 18 3 -46 21 95 93 -67 -40 93 83 79 -69 -4 -46 27 -72 56 25 84 2 -59 95 34 98 -69 -76 -51 -28 30 75 -54 -63 -2 -53 31 -8 32 85 -15 -20 -77 -46 90 74 46 -57 42 -16 15 -5 -14 46 19 4 -11 17 -43 -79 -16 61 22 91 1 -10 23 -36 -67 -32 -12 96 -19 5 41 -1 -60 11 6 8 78 -82 9 -9 13 86 -55 -46 -69 -68 95 -47 -78 34 -64 -11 51 -27 41 99 -38 -70 -38 20 58 -83 -42 25 -95 95 82 -53 1 -30 32 13 -4 23 99 -80 42 14 78 -82 70 -82 -16 -87 37 -66 12 -4 -65 57 -56 39 83 -74 35 -43 -83 -15 -84 -43 -31 -68 95 37 -77 51 86 -76 -71 84 -31 73 100 98 14 56 -65 -60 71 -5 -92 -34 69 85 -34 -71 78 39 66 -20 -45 100 -8 91 22 -22 32 -70 76 24 -94 -2 84 -18 34 77 -73 -95 -67 -59 2 35 -11 41 24 68 -8 -54 -51 -33 58 -2 44 34 50 1 57 97 86 -79 -9 61 96 -72 -66 -43 -83 -5 -70 -78 -22 99 -40 5 33 20 -85 54 -73 -20 -91 -12 67 -39 -3 7 59 62 97 64 71 -45 -13 -74 68 87 -74 -15 -82 -21 25 58 -21 91 42 17 -11 -35 -72 -88 57 81 -43 0 16 -90 -40 57 -50 -12 -79 -47 -72 27 62 41 28 -8 -10 91 75 -43 -37 -95 -44 74 2 -18 29 -7 -20 -38 96 -97 5 -43 41 1 52 -12 69 -45 -3 61 -58 30 46 44 -6 -97 100 35 -88 -39 -31 15 -84 63 42 -10 -72 -97 10 -15 14 20 21 -69 -97 -63 14 53 27 -37 -75 -21 -12 -41 38 -92 -91 58 -42 37 42 64 11 -14 -19 89 -61 11 -20 87 -36 -49 -19 -4 26 58 60 -89 88 34 -95 -79 94 75 5 75 -96 -40 10 -74 -35 -64 -92 -15 93 -12 -79 7 51 -47 67 42 90 -22 -2 -69 66 -66 -44 7 -52 66 -29 50 63 -7 48 -78 -32 -94 -9 88 -48 -75 58 84 -81 -77 73 14 -39 40 -82 -73 -65 -30 39 78 40 -78 97 25 -7 -74 -63 100 -10 66 -10 32 39 44 -26 -48 -1 38 -96 -31 38 62 30 28 -16 18 -64 86 -82 -87 82 -37 93 -52 -29 37 96 40 -18 -75 -48 -66 -77 -52 -82 59 74 -32 -3 -67 63 -19 57 -61 -56 -14 15 98 20 55 73 -23 74 -81 91 3 90 56 -77 -16 30 4 -69 -24 -17 87 -27 -94 84 -91 78 43 12 -77 -63 0 87 -24 21 -78 74 -12 -16 87 -68 56 80 -20 -91 41 0 19 -79 57 85 61 15 -51 83 91 70 98 -58 -41 -59 27 28 -10 96 -92 35 12 4 12 -18 39 -44 56 -93 55 -10 5 62 2 -11 -59 -85 83 67 -56 -34 36 -98 69 75 41 38 0 -2 -10 -76 37 -8 95 -64 -78 25 30 -57 95 -43 98 36 70 70 -41 -38 -57 86 46 60 25 62 -2 -53 -44 -59 -55 92 -52 60 2 12 54 -78 76 -3 66 3 86 48 -97 32 -93 67 18 22 70 36 -5 -38 -26 61 -61 -19 -44 -64 -48 -74 60 -16 -19 -18 34 -87 -59 31 55 80 35 70 57 69 -16 -64 -73 31 -74 -28 92 -82 49 -93 -83 86 -56 -17 -36 -47 -82 23 37 -94 -52 85 -75 92 -93 -28 17 -97 1 56 75 -96 47 -79 -15 -30 -50 -89 -65 88 10 11 -21 71 20 -48 100 -2 36 -92 -90 -20 -20 -7 46 78 0 -95 -55 -20 -60 47 50 -21 -96 25 82 -86 75 48 -71 1 -63 -28 36 1 36 -83 5 44 42 -24 78 -75 11 -96 45 61 84 1 58 90 2 42 16 -51 68 -58 80 41 -54 -63 -68 -24 38 14 95 7 47 -50 -6 -33 27 9 97 -22 -21 4 -89 -98 93 25 -21 30 83 58 -14 11 -66 36 -7 -8 -85 -84 -30 83 73 -36 -91 -39 43 -21 81 28 26 17 -1 -41 78 -63 18 -5 59 5 97 18 87 25 -48 37 62 -46 44 -33 48 8 53 -70 -25 62 -34 -69 30 -89 80 -50 27 38 -65 -60 -40 35 -42 10 -34 -91 82 -77 13 -27 -97 88 -28 13 17 37 -62 10 -74 -47 -72 -28 -80 82 31 -29 -8 -55 -32 -76 10 -28 -35 -47 72 86 -85 -55 -91 -85 -39 -67 -55 -68 32 -23 -35 86 -11 52 -59 15 -6 71 6 -2 86 67 -92 -71 4 -25 -96 10 -96 31 51 30 32 50 94 4 -2 -59 -72 -7 17 2 -64 40 89 -13 -83 57 5 92 65 -57 52 40 -66 -16 4 56 -19 14 -7 -80 84 -52 3 -37 70 -4 48 38 -44 45 80 39 -49 -33 4 -91 39 44 55 -51 65 79 -66 -6 56 -22 -56 -19 -80 38 -72 25 -85 -48 17 -75 -49 -13 -5 83 -85 -30 1 -83 17 -91 -14 100 -65 -60 -98 66 32 -12 -88 13 31 37 0 -29 -64 -29 78 28 28 99 -39 30 -53 77 -26 -94 -57 80 41 -68 45 -50 71 -61 61 -79 99 24 73 -64 -24 47 -46 -89 25 4 -9 -86 -22 -77 27 -58 91 52 -11 83 76 93 45 -42 -13 -74 96 -65 28 -61 -96 20 61 0 -10 86 65 -46 43 1 -28 82 3 21 96 82 17 -43 -34 78 10 41 66 7 73 32 -81 34 81 -8 -97 58 -35 -13 -6 -94 90 6 46 -44 8 -98 -3 89 13 -60 -28 -56 49 14 58 -90 9 11 62 -19 60 -98 -23 57 28 70 77 98 22 87 -52 15 98 -77 -91 -42 -46 -64 22 95 94 24 -45 78 -57 -78 91 -61 -92 -68 -10 -33 32 57 5 75 -16 -48 -39 10 -75 -69 -84 -83 -74 72 46 2 -48 -67 70 90 -47 0 -12 -92 -61 2 -48 -8 29 9 -78 65 7 26 36 6 42 6 15 -5 -12 19 16 -82 -46 1 -92 28 -52 -86 16 13 -27 44 -81 11 98 -90 72 1 66 36 -49 -10 13 -77 -43 77 -46 -72 -77 -81 26 -65 1 -69 23 -32 -42 15 48 -22 -82 20 9 -44 -88 -14 -45 47 -70 -18 0 80 -18 -20 96 41 81 5 96 -44 94 84 20 35 -14 -21 -22 56 -50 2 5 55 -8 83 38 89 56 -11 -76 -71 50 4 -18 -77 -33 -32 90 -17 38 20 99 -89 -32 -71 25 28 85 -32 -57 -64 58 81 -78 -49 -49 -25 54 68 -78 22 76 68 -88 -1 -50 63 29 -23 -4 69 -60 36 51 32 -95 -93 -13 29 52 14 52 16 -49 -91 45 91 42 23 -10 -61 82 -46 -5 43 24 87 83 -69 -15 -62 -6 -97 -82 -14 30 -3 91 12 -50 43 -8 23 -42 -4 -4 64 88 -5 -69 -57 -10 71 -65 9 25 -57 -3 -38 75 32 94 68 -43 65 -46 -43 100 -33 -8 70 43 88 30 71 58 89 -77 100 -80 -82 -9 44 -8 38 -47 -9 -27 -56 -62 -62 -44 84 -77 68 -9 -6 -49 49 -1 -55 100 64 16 -32 -6 84 -68 -93 -72 -59 -48 -15 -46 65 43 -60 2 42 -38 -36 85 -75 96 57 1 17 -86 -17 39 -76 69 -25 -18 -5 80 -98 16 73 36 -8 -82 -19 -26 -88 -18 94 62 -20 -39 -34 -87 42 -35 -80 -37 59 -40 -75 -6 70 -40 -61 41 17 46 -24 -92 -20 47 98 -63 70 80 38 40 -65 14 55 -69 -13 -69 83 95 31 -32 -61 -7 80 65 -32 -79 -84 -70 53 51 47 -73 68 2 89 43 35 11 -87 86 -17 59 97 3 20 90 -49 43 86 61 16 78 89 -51 -96 22 87 -39 5 -89 -40 -6 -56 82 -94 -94 99 98 13 52 37 42 -54 -70 -45 -71 -44 -90 -30 92 -63 -34 24 52 -77 39 72 -72 -51 67 -19 13 -78 7 69 95 -17 53 -41 84 -37 -10 -95 -35 57 51 29 62 -2 92 1 5 25 -88 2 -55 -31 -13 -8 -69 30 55 38 -31 -96 -58 20 -56 3 31 86 -25 -7 -27 -36 -76 47 52 -9 25 -16 -28 -53 -81 -51 -36 -41 8 -1 -12 72 -9 36 54 -12 31 9 -61 -30 32 90 -7 17 69 -29 -95 -4 21 1 -78 -40 -65 93 58 -6 -78 85 84 57 40 26 -49 99 10 2 26 23 -2 -9 92 -74 -57 79 44 -3 -35 34 55 7 6 -41 -56 -83 6 52 -79 22 63 -39 44 7 -34 -83 -92 18 62 -78 85 88 -92 86 12 -38 69 -45 13 -67 4 93 28 56 90 -80 -56 -22 -46 -33 -48 12 -50 93 -53 -67 29 84 -54 5 -51 35 31 -47 -33 97 98 96 38 -54 -75 45 28 -66 54 -51 -10 -38 100 -53 16 62 69 7 -13 -92 32 -37 5 39 71 85 46 50 6 30 -37 -91 -12 64 60 85 -41 -52 87 -2 -93 -49 28 -93 93 63 -77 41 -24 -51 73 -81 11 94 -25 -84 -19 -98 21 25 12 -38 -98 4 -35 53 -43 -60 -38 -61 36 -57 -20 -47 -44 -69 -54 -77 91 -59 -88 -78 93 44 -75 -27 -13 -8 6 -74 -76 76 -90 66 32 -74 30 14 -86 -33 42 -58 87 11 60 31 87 74 29 51 -56 -59 80 35 95 18 96 -86 1 -12 -6 -54 98 4 -44 -14 30 76 -35 87 65 97 43 -11 -27 -85 83 65 93 -28 100 -9 -97 -95 68 -13 -45 56 -20 99 0 15 -23 33 -10 -22 -85 15 74 84 -16 -59 73 95 -84 -9 73 64 49 68 -85 14 -40 -6 55 -8 39 98 0 -60 54 7 -51 15 -6 14 36 -34 -75 0 -59 97 22 71 19 57 -93 52 -41 1 -63 -72 6 -80 -8 -39 76 18 63 -48 95 -22 13 39 0 -98 -87 -56 67 -54 -96 -31 -68 -28 39 -7 -29 -93 -81 26 47 -39 -53 2 43 78 -74 90 36 -97 62 82 -44 -44 62 -37 -48 37 -14 44 20 85 -80 84 29 -77 19 43 -19 -4 9 69 10 47 -26 17 -1 -57 96 -21 -52 -71 71 -57 -22 81 -54 -1 -13 46 90 93 59 37 -37 -9 -48 60 -52 97 -80 33 -11 -29 43 -90 -5 4 -7 100 75 -19 -69 -76 43 59 79 68 -60 -6 95 -58 58 -17 100 -45 -1 -85 -63 38 -20 8 24 -6 91 -16 0 6 -30 32 0 25 -97 -12 -3 72 16 12 49 -90 97 -79 10 -32 88 -75 7 64 85 3 19 92 -19 -97 9 -5 -82 81 95 -62 -25 -14 -34 -41 79 -19 -92 -24 -6 -31 53 -89 63 0 90 -30 -59 -9 29 -19 49 99 75 -84 -24 74 -47 27 -16 -22 83 58 -67 -55 -51 -74 100 -69 -59 64 -56 51 -90 -17 11 -94 21 10 -74 13 97 67 44 -98 45 -34 -31 54 -32 47 39 -30 40 -66 -11 -71 -6 0 -66 13 -41 -57 -49 44 -82 79 -75 -7 2 33 16 60 -57 -35 32 76 26 -37 55 78 -8 95 -69 8 24 19 67 -96 -8 45 -3 -46 -56 -95 25 -76 67 59 -7 -1 17 -53 -14 -9 -78 12 95 21 29 -40 -17 34 4 51 -86 72 79 22 55 -81 -43 11 -48 55 -46 -86 98 -30 -90 64 12 21 66 10 -51 6 6 -24 29 -73 18 -7 69 -92 28 -74 88 92 -25 1 -16 -94 55 -92 92 -33 65 -18 -39 -1 -94 -10 1 24 66 86 65 6 -37 -27 80 92 5 88 -67 -76 7 49 10 89 78 36 47 -84 31 33 37 -32 47 -29 -41 -67 30 -39 -10 -88 -82 -11 63 -83 -57 52 14 82 54 -10 -93 59 20 -96 15 -63 -89 20 50 -86 10 20 -1 -84 -14 11 -1 -26 61 7 30 49 -34 -11 83 -3 96 -46 -40 -98 -40 -90 -10 -22 27 71 -43 74 -73 -26 -81 86 -48 -61 69 -4 6 99 44 -25 80 44 -19 8 -89 -51 -72 -71 32 -77 -62 -52 68 60 -93 -11 72 29 -92 52 20 -86 55 80 -55 55 84 -57 44 51 69 -93 -82 74 71 -98 -61 85 -64 82 66 99 -90 68 -74 64 -39 47 16 83 37 49 4 45 -86 -53 54 -33 -56 27 -29 -6 63 -76 -25 -66 -45 32 54 46 77 7 -76 39 -89 -13 63 -67 -58 97 1 29 34 -69 82 -19 93 46 -80 63 9 -74 21 -54 -62 74 12 -44 -68 -29 -45 51 -36 -6 1 47 -38 -16 8 22 -12 51 -55 48 30 37 -96 -28 -89 1 63 80 -78 53 -82 69 -57 62 -89 -43 -68 80 -41 4 34 93 -47 -58 -1 85 -37 19 -48 -11 -58 -64 -14 -13 -75 99 91 -86 -1 8 56 91 79 -37 16 39 32 52 33 68 -23 57 28 -20 -18 -23 -59 -39 4 -74 -58 -5 -34 29 100 26 62 -67 -48 28 25 -23 79 -70 -37 -98 -89 -49 56 39 63 9 25 -9 4 -2 -96 42 -75 -55 32 58 25 -68 -97 -66 -76 5 -7 -1 -73 83 -36 -53 67 -60 54 46 85 -26 30 -88 -40 -96 95 16 94 -28 9 27 99 57 1 -42 -1 -55 -38 60 91 -70 -92 40 59 -5 96 4 63 -6 -93 80 -51 17 74 -43 -2 -41 35 -9 46 44 -37 81 91 49 -7 66 44 -70 -1 99 65 95 10 79 -38 -66 5 66 20 42 -12 26 31 -13 56 -55 -34 8 -60 45 29 -68 51 -17 97 -19 -66 4 40 72 -15 67 -76 30 64 25 44 80 -22 80 -42 81 19 -54 -37 100 -27 97 70 38 -41 19 90 -51 -59 41 86 18 40 23 -67 -90 -23 59 90 -8 16 8 -8 -79 57 -4 57 -22 95 -57 14 -68 96 17 58 92 26 54 93 -82 -63 -61 33 59 71 -36 -59 24 55 


